desc: I1 cache:         65536 B, 64 B, 2-way associative
desc: D1 cache:         65536 B, 64 B, 2-way associative
desc: L2 cache:         524288 B, 64 B, 8-way associative
cmd: ./Work
events: Ir I1mr I2mr Dr D1mr D2mr Dw D1mw D2mw 
fl=/build/buildd/eglibc-2.11.1/csu/../sysdeps/generic/dl-hash.h
fn=_init
35 3 0 0 1 1 1 0 0 0
37 2 0 0 0 0 0 0 0 0
38 4 0 0 1 0 0 0 0 0
40 3 0 0 0 0 0 0 0 0
41 4 1 1 1 0 0 0 0 0
43 3 0 0 0 0 0 0 0 0
44 4 1 1 1 0 0 0 0 0
46 4 1 1 0 0 0 0 0 0
47 19 0 0 5 1 1 0 0 0
50 16 0 0 0 0 0 0 0 0
51 8 0 0 0 0 0 0 0 0
64 4 0 0 0 0 0 0 0 0
65 8 1 1 0 0 0 0 0 0
fl=/build/buildd/eglibc-2.11.1/csu/../sysdeps/unix/sysv/linux/x86_64/../init-first.c
fn=_init
52 8 1 1 0 0 0 4 0 0
58 4 0 0 1 1 0 1 1 1
67 5 2 2 4 1 0 0 0 0
73 1 0 0 0 0 0 1 1 1
74 1 0 0 0 0 0 1 0 0
75 2 1 1 1 1 0 1 1 1
89 4 0 0 0 0 0 1 0 0
97 1 0 0 0 0 0 1 0 0
99 6 0 0 5 0 0 0 0 0
fl=/build/buildd/eglibc-2.11.1/csu/../sysdeps/unix/sysv/linux/x86_64/init-first.c
fn=_init
33 7 0 0 0 0 0 4 0 0
35 3 0 0 0 0 0 1 0 0
38 3 0 0 0 0 0 0 0 0
40 2 0 0 1 0 0 0 0 0
41 1 0 0 0 0 0 1 0 0
43 3 1 1 0 0 0 1 0 0
44 2 0 0 1 0 0 0 0 0
45 1 0 0 0 0 0 1 1 0
fl=/build/buildd/eglibc-2.11.1/csu/../sysdeps/x86_64/multiarch/init-arch.c
fn=__init_cpu_features
31 6 1 1 0 0 0 4 0 0
37 4 0 0 0 0 0 1 0 0
38 3 0 0 0 0 0 1 0 0
44 1 0 0 0 0 0 1 0 0
49 3 1 1 0 0 0 1 0 0
52 2 0 0 0 0 0 0 0 0
86 7 1 1 0 0 0 0 0 0
88 1 0 0 0 0 0 1 0 0
94 2 0 0 2 0 0 0 0 0
fl=/build/buildd/eglibc-2.11.1/csu/libc-start.c
fn=(below main)
96 10 1 1 0 0 0 8 0 0
106 7 1 1 2 1 0 1 0 0
158 2 0 0 0 0 0 0 0 0
159 4 0 0 0 0 0 1 0 0
181 4 1 1 2 0 0 0 0 0
184 2 0 0 0 0 0 0 0 0
185 5 0 0 4 0 0 1 0 0
189 4 0 0 2 0 0 0 0 0
204 2 0 0 0 0 0 0 0 0
213 2 1 1 0 0 0 1 0 0
214 2 0 0 0 0 0 0 0 0
219 2 0 0 1 1 0 1 0 0
220 2 0 0 1 1 0 1 0 0
223 2 0 0 0 0 0 1 0 0
226 5 0 0 5 1 0 1 0 0
258 2 1 0 0 0 0 1 0 0
fl=/build/buildd/eglibc-2.11.1/elf/../elf/dl-runtime.c
fn=_dl_fixup
73 400 1 1 0 0 0 320 0 0
76 160 1 1 160 1 0 0 0 0
79 400 0 0 160 13 1 0 0 0
80 640 0 0 240 41 0 80 1 1
81 160 0 0 160 7 0 0 0 0
86 160 0 0 0 0 0 0 0 0
90 160 0 0 80 71 42 0 0 0
94 240 1 1 80 7 0 0 0 0
99 474 0 0 237 58 2 0 0 0
100 239 1 1 79 9 0 0 0 0
108 320 1 1 80 0 0 0 0 0
115 160 0 0 80 2 0 80 0 0
118 880 1 1 160 5 0 240 0 0
122 240 0 0 80 0 0 0 0 0
126 320 0 0 80 0 0 80 0 0
132 560 1 1 160 0 0 0 0 0
140 80 0 0 80 0 0 0 0 0
147 320 0 0 80 0 0 0 0 0
148 2 0 0 0 0 0 1 0 0
151 240 0 0 80 1 1 0 0 0
155 480 0 0 400 0 0 0 0 0
fl=/build/buildd/eglibc-2.11.1/elf/../elf/dl-sysdep.c
fn=_dl_important_hwcaps
353 12 2 2 0 0 0 10 1 1
355 1 0 0 1 0 0 0 0 0
356 3 0 0 0 0 0 0 0 0
365 2 0 0 1 0 0 0 0 0
375 3 1 1 1 0 0 0 0 0
379 3 1 1 0 0 0 1 0 0
417 2 1 1 0 0 0 1 0 0
419 7 1 1 1 0 0 2 1 1
434 6 1 1 0 0 0 0 0 0
437 2 0 0 0 0 0 0 0 0
442 4 1 1 0 0 0 0 0 0
459 2 1 1 0 0 0 0 0 0
467 2 1 1 1 0 0 0 0 0
469 3 1 1 1 0 0 1 1 1
470 5 0 0 1 0 0 1 0 0
474 3 0 0 0 0 0 1 0 0
475 1 0 0 0 0 0 1 0 0
478 2 0 0 1 0 0 0 0 0
481 2 1 1 1 0 0 0 0 0
485 6 0 0 3 0 0 0 0 0
486 2 0 0 1 0 0 0 0 0
504 10 1 1 2 0 0 4 0 0
505 5 0 0 0 0 0 2 0 0
506 2 0 0 0 0 0 0 0 0
513 2 0 0 0 0 0 0 0 0
535 6 1 1 2 0 0 2 1 1
538 2 0 0 1 0 0 0 0 0
540 7 0 0 2 0 0 3 0 0
541 6 1 1 2 0 0 3 0 0
559 1 0 0 0 0 0 0 0 0
566 23 2 2 3 0 0 0 0 0
567 12 0 0 0 0 0 4 0 0
571 10 1 1 1 0 0 0 0 0
574 26 1 1 0 0 0 0 0 0
575 24 0 0 0 0 0 0 0 0
576 16 0 0 8 0 0 4 0 0
578 4 0 0 0 0 0 0 0 0
581 3 0 0 1 0 0 0 0 0
582 1 0 0 0 0 0 0 0 0
583 5 0 0 1 0 0 0 0 0
596 16 2 2 4 0 0 2 0 0
599 6 0 0 0 0 0 0 0 0
602 4 0 0 3 0 0 1 0 0
605 8 0 0 7 0 0 0 0 0
fn=_dl_sysdep_start
88 8 1 1 0 0 0 6 0 0
112 1 0 0 0 0 0 1 0 0
113 125 2 2 40 5 5 4 2 2
116 2 0 0 0 0 0 1 1 1
117 1 0 0 0 0 0 1 1 1
119 96 3 3 26 6 6 9 0 0
120 106 0 0 17 2 2 0 0 0
123 2 0 0 1 0 0 0 0 0
126 1 0 0 1 0 0 0 0 0
129 1 1 1 1 0 0 0 0 0
132 1 0 0 1 0 0 0 0 0
153 1 1 1 1 0 0 0 0 0
156 1 0 0 1 0 0 0 0 0
159 1 1 1 1 0 0 0 0 0
162 1 1 1 1 0 0 0 0 0
178 1 0 0 1 0 0 0 0 0
226 3 1 1 0 0 0 2 0 0
228 5 0 0 0 0 0 1 0 0
240 3 1 1 1 0 0 0 0 0
243 4 0 0 0 0 0 1 0 0
245 9 0 0 8 1 1 0 0 0
fn=_dl_sysdep_start_cleanup
251 1 0 0 1 0 0 0 0 0
fl=/build/buildd/eglibc-2.11.1/elf/../misc/sbrk.c
fn=sbrk
35 4 1 1 0 0 0 2 0 0
43 6 0 0 2 0 0 0 0 0
47 2 0 0 0 0 0 0 0 0
58 5 1 1 3 0 0 0 0 0
fl=/build/buildd/eglibc-2.11.1/elf/../sysdeps/generic/dl-hash.h
fn=do_lookup_x
65 4968 2 1 0 0 0 0 0 0
fl=/build/buildd/eglibc-2.11.1/elf/../sysdeps/unix/sysv/linux/dl-librecon.h
fn=process_envvars
32 3 1 1 0 0 0 1 0 0
fl=/build/buildd/eglibc-2.11.1/elf/../sysdeps/unix/sysv/linux/dl-osinfo.h
fn=security_init
68 1 1 1 0 0 0 1 0 0
72 1 0 0 0 0 0 0 0 0
75 2 0 0 0 0 0 0 0 0
123 7 0 0 4 1 0 3 0 0
132 2 0 0 0 0 0 0 0 0
143 1 0 0 1 0 0 0 0 0
fl=/build/buildd/eglibc-2.11.1/elf/../sysdeps/unix/sysv/linux/dl-sysdep.c
fn=_dl_discover_osversion
67 4 1 1 0 0 0 3 0 0
69 3 0 0 1 0 0 0 0 0
109 6 1 1 0 0 0 1 1 1
121 2 0 0 0 0 0 0 0 0
131 12 1 1 3 1 1 0 0 0
133 9 0 0 0 0 0 0 0 0
135 17 0 0 4 0 0 0 0 0
138 4 0 0 0 0 0 0 0 0
141 3 0 0 0 0 0 0 0 0
142 3 1 1 0 0 0 0 0 0
143 3 0 0 0 0 0 0 0 0
145 14 0 0 0 0 0 0 0 0
150 2 0 0 0 0 0 0 0 0
154 5 0 0 4 0 0 0 0 0
fn=_dl_sysdep_start
36 2 1 1 0 0 0 1 0 0
fl=/build/buildd/eglibc-2.11.1/elf/../sysdeps/unix/sysv/linux/dl-vdso.c
fn=_dl_vdso_vsym
27 2 1 1 0 0 0 0 0 0
28 4 0 0 4 1 0 0 0 0
32 4 0 0 0 0 0 0 0 0
46 2 0 0 0 0 0 0 0 0
50 4 0 0 2 0 0 0 0 0
fl=/build/buildd/eglibc-2.11.1/elf/../sysdeps/unix/sysv/linux/x86_64/brk.c
fn=brk
29 1 1 1 0 0 0 0 0 0
32 5 1 1 0 0 0 1 1 1
34 3 0 0 0 0 0 0 0 0
41 2 0 0 1 0 0 0 0 0
fl=/build/buildd/eglibc-2.11.1/elf/../sysdeps/x86_64/dl-machine.h
fn=_dl_fixup
236 80 0 0 0 0 0 80 0 0
fn=_dl_relocate_object
96 33 1 1 6 0 0 0 0 0
102 12 0 0 12 2 0 0 0 0
106 18 0 0 6 6 6 0 0 0
111 6 0 0 0 0 0 6 0 0
119 18 0 0 6 0 0 0 0 0
132 12 0 0 0 0 0 6 0 0
135 39 1 1 7 5 3 0 0 0
267 2136 0 0 0 0 0 0 0 0
270 4272 0 0 0 0 0 0 0 0
288 4272 0 0 0 0 0 0 0 0
295 87737 10 10 16275 1099 864 9175 4 0
296 10674 1 1 4248 3 0 12 0 0
300 8496 0 0 2124 0 0 0 0 0
309 12816 2 2 2136 5 3 0 0 0
327 6 1 1 0 0 0 0 0 0
328 6 0 0 3 2 0 3 2 1
335 3 0 0 1 0 0 0 0 0
336 3 0 0 2 0 0 1 0 0
377 30 0 0 10 0 0 0 0 0
381 30 1 1 10 1 0 0 0 0
386 40 0 0 20 1 1 10 4 4
394 4245 0 0 2121 268 264 2121 543 298
430 3 1 1 1 0 0 0 0 0
434 5 1 1 3 1 0 1 0 0
436 5 0 0 3 0 0 0 0 0
465 1691 0 0 0 0 0 0 0 0
466 3387 0 0 1691 425 424 0 0 0
467 5073 1 1 1691 211 211 1691 381 378
475 1370 0 0 685 0 0 0 0 0
476 685 0 0 685 256 256 0 0 0
479 1370 0 0 0 0 0 0 0 0
481 2055 0 0 685 0 0 0 0 0
482 685 0 0 685 84 84 0 0 0
fn=_dl_start
76 2 1 1 1 1 1 0 0 0
288 24 0 0 0 0 0 0 0 0
296 40 0 0 16 1 1 0 0 0
300 32 0 0 8 5 5 0 0 0
306 24 0 0 0 0 0 0 0 0
307 16 0 0 8 1 1 8 1 1
465 14 0 0 0 0 0 0 0 0
466 28 1 1 14 4 4 0 0 0
467 42 0 0 14 2 2 14 4 4
fn=_dl_sysdep_start
226 5 0 0 2 1 1 0 0 0
fl=/build/buildd/eglibc-2.11.1/elf/../sysdeps/x86_64/dl-trampoline.S
fn=_dl_runtime_resolve
30 80 1 1 0 0 0 0 0 0
32 80 0 0 0 0 0 80 0 0
33 80 0 0 0 0 0 80 0 0
34 80 0 0 0 0 0 80 0 0
35 80 0 0 0 0 0 80 0 0
36 80 0 0 0 0 0 80 0 0
37 80 0 0 0 0 0 80 0 0
38 80 0 0 0 0 0 80 0 0
39 80 0 0 80 0 0 0 0 0
40 80 0 0 80 0 0 0 0 0
41 80 0 0 0 0 0 80 0 0
42 80 0 0 0 0 0 0 0 0
43 80 0 0 80 0 0 0 0 0
44 80 1 1 80 0 0 0 0 0
45 80 0 0 80 0 0 0 0 0
46 80 0 0 80 0 0 0 0 0
47 80 0 0 80 0 0 0 0 0
48 80 0 0 80 0 0 0 0 0
49 80 0 0 80 0 0 0 0 0
50 80 0 0 0 0 0 0 0 0
52 80 0 0 0 0 0 0 0 0
fl=/build/buildd/eglibc-2.11.1/elf/dl-addr.c
fn=_dl_addr
31 2 1 1 1 0 0 1 0 0
32 2 0 0 1 0 0 1 0 0
35 3 0 0 2 0 0 0 0 0
40 2 0 0 2 0 0 0 0 0
41 3 1 1 2 0 0 1 0 0
43 3 0 0 2 0 0 1 0 0
46 2 0 0 1 1 0 0 0 0
51 4046 0 0 2 0 0 0 0 0
53 1011 0 0 1011 60 18 0 0 0
54 2022 0 0 0 0 0 0 0 0
56 3600 0 0 900 0 0 0 0 0
62 19388 2 2 15 0 0 0 0 0
63 2148 0 0 2148 458 418 0 0 0
64 8592 0 0 2148 0 0 0 0 0
65 7049 0 0 4904 341 309 0 0 0
70 1248 0 0 0 0 0 0 0 0
72 10062 0 0 2148 126 73 0 0 0
100 2 1 1 1 1 0 0 0 0
101 2 0 0 1 0 0 1 1 0
102 2 0 0 1 1 0 0 0 0
105 2 0 0 0 0 0 0 0 0
117 1 1 1 0 0 0 1 0 0
118 3 0 0 0 0 0 1 0 0
125 5 1 1 0 0 0 0 0 0
127 11 2 2 0 0 0 8 0 0
132 3 0 0 2 1 0 1 0 0
135 5 0 0 1 0 0 0 0 0
136 19 2 2 6 0 0 0 0 0
137 24 0 0 12 5 0 0 0 0
138 2 0 0 1 0 0 0 0 0
146 2 1 1 1 1 0 1 0 0
149 9 0 0 7 0 0 0 0 0
fl=/build/buildd/eglibc-2.11.1/elf/dl-altinit.c
fn=dlinit_alt
33 3 1 1 2 1 0 0 0 0
34 1 0 0 1 0 0 0 0 0
fl=/build/buildd/eglibc-2.11.1/elf/dl-cache.c
fn=_dl_cache_libcmp
140 472 0 0 0 0 0 0 0 0
142 693 0 0 0 0 0 0 0 0
144 15 0 0 0 0 0 0 0 0
150 15 1 1 0 0 0 0 0 0
151 15 0 0 0 0 0 0 0 0
152 20 0 0 5 0 0 0 0 0
154 20 0 0 5 0 0 0 0 0
156 10 0 0 0 0 0 0 0 0
162 678 2 2 0 0 0 0 0 0
164 452 0 0 0 0 0 0 0 0
165 152 0 0 38 0 0 0 0 0
168 188 0 0 0 0 0 0 0 0
169 1069 1 1 462 37 37 0 0 0
172 10 0 0 0 0 0 0 0 0
173 5 0 0 5 0 0 0 0 0
fn=_dl_load_cache_lookup
182 32 1 1 0 0 0 24 0 0
190 8 0 0 4 0 0 0 0 0
193 12 0 0 4 0 0 0 0 0
196 4 1 1 0 0 0 1 0 0
204 17 1 1 22 2 2 0 0 0
205 4 0 0 1 0 0 0 0 0
209 2 0 0 0 0 0 1 0 0
212 4 0 0 1 0 0 0 0 0
215 2 0 0 0 0 0 1 0 0
216 25 1 1 40 2 2 0 0 0
218 2 1 1 0 0 0 0 0 0
235 2 0 0 0 0 0 0 0 0
238 8 0 0 0 0 0 0 0 0
244 12 1 1 4 0 0 0 0 0
253 12 1 1 4 0 0 0 0 0
259 16 0 0 0 0 0 4 0 0
276 1151 7 7 173 32 31 90 0 0
292 16 0 0 4 0 0 0 0 0
297 36 0 0 28 0 0 0 0 0
fn=_dl_unload_cache
306 1 1 1 0 0 0 0 0 0
307 4 0 0 1 0 0 0 0 0
309 2 0 0 1 0 0 1 0 0
310 1 0 0 0 0 0 1 0 0
312 2 0 0 1 0 0 0 0 0
fl=/build/buildd/eglibc-2.11.1/elf/dl-debug.c
fn=_dl_debug_initialize
52 21 1 1 7 0 0 0 0 0
57 33 2 2 6 0 0 0 0 0
60 1 0 0 0 0 0 1 0 0
61 3 0 0 0 0 0 1 0 0
62 5 0 0 1 0 0 1 0 0
63 2 0 0 0 0 0 1 0 0
67 7 0 0 7 0 0 0 0 0
fn=_dl_debug_state
77 2 1 1 2 0 0 0 0 0
fl=/build/buildd/eglibc-2.11.1/elf/dl-deps.c
fn=_dl_map_object_deps
146 5 0 0 0 0 0 0 0 0
149 11 2 2 0 0 0 9 0 0
150 9 0 0 0 0 0 1 0 0
164 4 0 0 0 0 0 2 0 0
165 2 0 0 0 0 0 2 0 0
166 7 1 1 0 0 0 2 0 0
172 9 1 1 2 0 0 2 0 0
182 8 0 0 0 0 0 1 0 0
183 1 0 0 1 0 0 0 0 0
186 3 1 1 0 0 0 2 0 0
201 2 0 0 1 0 0 1 0 0
203 1 0 0 0 0 0 1 0 0
204 2 0 0 0 0 0 2 0 0
208 14 0 0 14 0 0 0 0 0
213 7 0 0 0 0 0 7 0 0
217 52 1 1 20 0 0 0 0 0
218 6 0 0 6 0 0 0 0 0
219 37 2 2 0 0 0 0 0 0
222 22 0 0 11 2 2 0 0 0
224 15 0 0 10 0 0 5 0 0
229 5 0 0 0 0 0 5 0 0
230 5 0 0 0 0 0 5 0 0
231 10 0 0 5 0 0 5 0 0
232 10 0 0 5 0 0 5 0 0
235 524 1 1 135 5 0 5 0 0
236 240 1 1 0 0 0 0 0 0
242 88 0 0 22 0 0 11 0 0
244 11 0 0 0 0 0 11 0 0
247 66 1 1 44 0 0 11 0 0
249 33 0 0 11 0 0 0 0 0
264 11 0 0 11 0 0 0 0 0
266 22 0 0 11 0 0 0 0 0
271 15 0 0 0 0 0 0 0 0
274 5 0 0 0 0 0 5 0 0
275 5 0 0 0 0 0 5 0 0
276 5 0 0 0 0 0 5 0 0
277 10 0 0 5 0 0 5 0 0
279 5 1 1 5 0 0 0 0 0
281 30 1 1 5 0 0 10 0 0
285 22 0 0 0 0 0 0 0 0
286 21 0 0 0 0 0 7 0 0
288 436 2 2 0 0 0 0 0 0
338 9 1 1 0 0 0 4 0 0
466 14 0 0 0 0 0 0 0 0
468 15 0 0 0 0 0 5 0 0
470 20 1 1 0 0 0 5 0 0
472 10 0 0 0 0 0 0 0 0
475 5 0 0 0 0 0 5 2 2
476 30 0 0 0 0 0 5 0 0
477 25 0 0 0 0 0 5 0 0
480 5 0 0 0 0 0 5 0 0
484 42 0 0 14 0 0 0 0 0
486 7 0 0 7 0 0 0 0 0
487 48 0 0 7 0 0 7 0 0
491 4 1 1 1 0 0 0 0 0
492 3 0 0 1 0 0 1 0 0
495 5 0 0 2 0 0 1 0 0
506 5 1 1 1 0 0 1 0 0
508 2 1 1 0 0 0 0 0 0
513 5 0 0 2 0 0 1 0 0
514 7 1 1 3 0 0 1 0 0
516 21 0 0 7 0 0 0 0 0
522 35 0 0 14 0 0 7 2 2
526 14 0 0 14 0 0 0 0 0
529 2 0 0 1 0 0 0 0 0
575 5 1 1 3 0 0 0 0 0
577 4 0 0 2 0 0 0 0 0
612 11 3 3 0 0 0 4 1 0
617 28 0 0 2 0 0 0 0 0
619 12 0 0 12 0 0 0 0 0
625 94 1 1 21 0 0 0 0 0
630 67 0 0 0 0 0 0 0 0
634 45 1 1 30 0 0 0 0 0
635 35 0 0 0 0 0 0 0 0
637 132 0 0 33 0 0 0 0 0
638 69 0 0 0 0 0 0 0 0
657 2 1 1 1 0 0 1 0 0
659 1 0 0 0 0 0 1 0 0
667 2 0 0 1 0 0 0 0 0
670 2 0 0 1 0 0 0 0 0
673 8 0 0 7 0 0 0 0 0
fn=openaux
62 33 1 1 0 0 0 11 0 0
65 88 1 1 44 0 0 33 1 1
66 66 0 0 11 0 0 0 0 0
69 11 0 0 11 0 0 0 0 0
70 33 0 0 22 0 0 0 0 0
fl=/build/buildd/eglibc-2.11.1/elf/dl-environ.c
fn=_dl_next_ld_env_entry
31 3 1 1 3 0 0 0 0 0
34 120 0 0 39 0 0 0 0 0
36 76 0 0 38 21 21 0 0 0
37 20 1 1 9 0 0 0 0 0
39 2 0 0 0 0 0 0 0 0
42 4 0 0 0 0 0 2 0 0
44 2 0 0 2 0 0 0 0 0
47 36 0 0 0 0 0 0 0 0
51 1 0 0 1 0 0 0 0 0
fl=/build/buildd/eglibc-2.11.1/elf/dl-error.c
fn=_dl_catch_error
160 84 2 2 0 0 0 72 2 2
169 12 0 0 0 0 0 12 1 1
171 24 0 0 12 1 0 24 0 0
172 24 0 0 12 0 0 12 0 0
174 48 0 0 0 0 0 12 0 0
175 24 0 0 0 0 0 0 0 0
177 36 1 1 12 0 0 12 0 0
178 24 0 0 24 0 0 12 0 0
179 36 0 0 24 0 0 12 0 0
180 24 0 0 12 0 0 12 0 0
181 24 0 0 12 0 0 12 0 0
182 24 0 0 12 0 0 12 0 0
192 48 0 0 24 0 0 0 0 0
fn=_dl_receive_error
198 10 2 2 0 0 0 6 0 0
199 2 0 0 1 0 0 1 0 0
203 1 0 0 1 0 0 0 0 0
204 1 0 0 1 0 0 0 0 0
207 1 0 0 0 0 0 1 0 0
208 1 0 0 0 0 0 1 0 0
210 2 0 0 0 0 0 1 0 0
212 1 0 0 0 0 0 1 0 0
213 1 0 0 0 0 0 1 0 0
214 8 0 0 7 0 0 0 0 0
fl=/build/buildd/eglibc-2.11.1/elf/dl-fini.c
fn=_dl_fini
121 11 1 1 0 0 0 7 0 0
143 11 1 1 2 0 0 1 0 0
146 2 1 1 1 1 0 1 0 0
149 1 0 0 1 1 0 0 0 0
152 7 0 0 1 0 0 0 0 0
154 2 0 0 1 0 0 0 0 0
165 5 1 1 0 0 0 1 0 0
167 2 1 1 0 0 0 0 0 0
170 8 1 1 1 0 0 1 0 0
181 24 0 0 7 0 0 0 0 0
183 14 0 0 7 1 1 0 0 0
185 14 0 0 0 0 0 0 0 0
187 21 0 0 7 0 0 7 0 0
188 7 0 0 0 0 0 7 6 1
189 7 0 0 0 0 0 0 0 0
193 7 1 1 7 1 0 0 0 0
195 2 0 0 0 0 0 0 0 0
199 2 0 0 0 0 0 0 0 0
201 6 0 0 3 0 0 1 0 0
210 6 1 1 2 0 0 2 0 0
214 29 1 1 8 0 0 0 0 0
216 14 0 0 14 0 0 0 0 0
218 21 0 0 7 0 0 0 0 0
221 14 0 0 0 0 0 7 0 0
224 21 1 1 7 5 1 0 0 0
225 12 1 1 6 6 2 0 0 0
228 12 0 0 6 0 0 0 0 0
235 12 0 0 0 0 0 0 0 0
239 4 0 0 2 1 0 1 0 0
241 3 0 0 2 0 0 0 0 0
242 8 0 0 1 0 0 0 0 0
243 4 0 0 2 1 0 2 0 0
247 18 1 1 6 1 0 0 0 0
248 15 0 0 10 4 0 5 0 0
253 35 0 0 7 1 0 0 0 0
269 7 0 0 7 0 0 0 0 0
274 5 0 0 1 0 0 0 0 0
280 2 0 0 1 0 0 0 0 0
287 8 0 0 7 0 0 0 0 0
fn=_dl_sort_fini
34 11 2 1 0 0 0 7 0 0
35 2 0 0 0 0 0 0 0 0
37 1 0 0 1 0 0 0 0 0
39 20 0 0 6 0 0 0 0 0
42 30 1 1 12 0 0 0 0 0
46 114 0 0 33 0 0 3 0 0
47 40 0 0 10 0 0 0 0 0
51 114 1 1 25 0 0 15 0 0
53 45 1 1 30 4 0 0 0 0
54 35 0 0 0 0 0 0 0 0
56 132 0 0 33 3 0 0 0 0
57 46 0 0 0 0 0 0 0 0
80 23 0 0 0 0 0 0 0 0
83 45 1 1 15 0 0 0 0 0
115 8 0 0 7 0 0 0 0 0
fl=/build/buildd/eglibc-2.11.1/elf/dl-init.c
fn=_dl_init
37 25 1 1 8 0 0 0 0 0
43 14 0 0 0 0 0 7 0 0
46 32 0 0 14 1 1 0 0 0
51 18 2 2 6 6 0 0 0 0
52 2 1 1 1 0 0 0 0 0
56 10 0 0 5 0 0 0 0 0
64 10 0 0 0 0 0 0 0 0
70 32 0 0 11 5 0 6 0 0
74 5 0 0 5 3 0 0 0 0
75 10 1 1 0 0 0 0 0 0
93 11 1 1 0 0 0 6 0 0
94 1 1 1 1 1 0 0 0 0
95 1 0 0 1 0 0 0 0 0
98 3 0 0 1 1 0 0 0 0
101 2 1 1 0 0 0 1 0 0
105 2 0 0 0 0 0 0 0 0
132 2 0 0 1 0 0 0 0 0
133 23 0 0 0 0 0 0 0 0
134 21 1 1 14 2 0 0 0 0
140 8 1 1 7 0 0 0 0 0
fl=/build/buildd/eglibc-2.11.1/elf/dl-load.c
fn=_dl_init_paths
622 9 1 1 0 0 0 7 0 0
637 6 1 1 2 0 0 2 0 0
641 4 0 0 0 0 0 2 0 0
643 2 0 0 0 0 0 0 0 0
650 7 0 0 1 0 0 0 0 0
654 3 1 1 0 0 0 2 0 0
657 3 0 0 2 0 0 0 0 0
663 1 1 1 0 0 0 1 0 0
664 2 0 0 1 0 0 1 0 0
672 8 0 0 0 0 0 4 0 0
674 8 0 0 0 0 0 4 0 0
675 4 0 0 0 0 0 4 3 3
677 4 1 1 0 0 0 4 0 0
678 8 0 0 4 1 1 4 1 1
679 4 0 0 0 0 0 0 0 0
682 61 1 1 4 1 1 0 0 0
683 101 0 0 1 0 0 0 0 0
684 26 2 2 0 0 0 16 1 1
686 36 0 0 7 0 0 6 0 0
692 1 0 0 0 0 0 1 1 1
693 1 0 0 0 0 0 1 0 0
697 1 1 1 1 0 0 0 0 0
698 2 0 0 0 0 0 0 0 0
700 4 0 0 1 0 0 0 0 0
702 3 0 0 1 0 0 0 0 0
716 1 1 1 0 0 0 1 0 0
718 3 1 1 1 0 0 0 0 0
729 2 1 1 0 0 0 1 0 0
734 6 1 1 3 0 0 0 0 0
742 5 1 1 0 0 0 1 0 0
744 11 0 0 2 0 0 2 0 0
761 50 1 1 16 0 0 0 0 0
763 14 0 0 0 0 0 0 0 0
764 28 0 0 0 0 0 0 0 0
765 14 0 0 0 0 0 0 0 0
768 2 1 1 0 0 0 2 0 0
770 2 0 0 0 0 0 0 0 0
776 7 0 0 1 0 0 1 0 0
780 3 0 0 2 0 0 0 0 0
786 1 0 0 0 0 0 1 0 0
792 2 0 0 1 0 0 1 0 0
793 8 0 0 7 0 0 0 0 0
fn=_dl_map_object
599 36 1 1 12 0 0 0 0 0
1958 168 2 2 12 0 0 108 5 5
1965 24 0 0 0 0 0 0 0 0
1966 24 0 0 12 0 0 0 0 0
1969 219 1 1 61 0 0 0 0 0
1974 168 0 0 56 0 0 0 0 0
1975 112 0 0 0 0 0 0 0 0
1977 280 1 1 0 0 0 56 3 3
1981 196 0 0 49 0 0 0 0 0
1982 49 1 1 49 0 0 0 0 0
1985 84 1 1 84 2 0 0 0 0
1987 196 0 0 28 0 0 56 0 0
2000 20 1 1 5 0 0 5 0 0
2001 5 0 0 0 0 0 0 0 0
2009 10 1 1 0 0 0 0 0 0
2010 5 0 0 5 0 0 0 0 0
2033 5 0 0 0 0 0 5 0 0
2035 25 0 0 0 0 0 5 0 0
2039 16 1 1 0 0 0 8 0 0
2041 8 1 1 4 0 0 0 0 0
2048 16 0 0 4 0 0 0 0 0
2052 8 0 0 4 0 0 4 0 0
2057 28 1 1 8 0 0 0 0 0
2058 12 1 1 4 0 0 0 0 0
2060 44 1 1 0 0 0 20 0 0
2071 20 0 0 8 0 0 0 0 0
2072 20 1 1 8 0 0 0 0 0
2081 12 0 0 4 0 0 0 0 0
2082 60 2 2 16 0 0 16 0 0
2088 16 1 1 4 0 0 0 0 0
2095 12 2 2 4 0 0 0 0 0
2101 12 0 0 0 0 0 4 0 0
2103 8 0 0 0 0 0 0 0 0
2107 12 0 0 8 0 0 0 0 0
2119 8 0 0 4 0 0 0 0 0
2141 40 1 1 4 0 0 8 0 0
2144 12 0 0 4 0 0 0 0 0
2146 16 1 1 0 0 0 12 0 0
2147 12 0 0 4 0 0 0 0 0
2166 8 0 0 4 0 0 0 0 0
2172 3 1 1 1 0 0 1 0 0
2173 3 0 0 0 0 0 1 0 0
2175 2 0 0 0 0 0 0 0 0
2179 10 0 0 1 0 0 1 0 0
2182 2 1 1 0 0 0 0 0 0
2193 15 0 0 0 0 0 0 0 0
2196 10 0 0 0 0 0 0 0 0
2237 10 0 0 5 0 0 5 0 0
2238 60 0 0 10 0 0 20 0 0
2240 108 0 0 84 0 0 0 0 0
fn=_dl_map_object_from_fd
839 70 2 2 0 0 0 45 1 1
850 20 1 1 5 0 0 10 1 1
854 30 0 0 5 0 0 5 0 0
865 95 0 0 30 0 0 0 0 0
866 95 1 1 50 2 2 0 0 0
883 10 1 1 5 0 0 0 0 0
905 15 0 0 5 0 0 0 0 0
914 10 0 0 5 0 0 0 0 0
918 10 0 0 0 0 0 5 0 0
935 20 1 1 10 0 0 0 0 0
966 15 0 0 0 0 0 5 1 1
969 40 0 0 20 0 0 5 0 0
970 10 1 1 0 0 0 0 0 0
981 10 0 0 5 0 0 5 3 3
982 20 0 0 10 0 0 10 0 0
983 10 0 0 5 0 0 5 0 0
985 20 1 1 5 0 0 0 0 0
986 20 0 0 10 0 0 0 0 0
987 10 0 0 0 0 0 0 0 0
992 5 0 0 0 0 0 5 0 0
1009 40 0 0 5 0 0 0 0 0
1017 373 1 1 5 0 0 0 0 0
1018 314 2 2 41 0 0 0 0 0
1024 15 0 0 5 0 0 5 0 0
1025 20 0 0 5 0 0 5 0 0
1029 6 0 0 2 0 0 2 0 0
1030 2 0 0 0 0 0 0 0 0
1035 50 1 1 20 0 0 0 0 0
1041 60 1 1 20 0 0 0 0 0
1049 40 0 0 10 0 0 0 0 0
1050 30 0 0 0 0 0 10 5 5
1051 70 1 1 30 0 0 10 0 0
1053 30 0 0 20 0 0 10 1 1
1054 30 0 0 20 0 0 10 0 0
1055 40 0 0 20 0 0 10 0 0
1059 45 0 0 5 0 0 5 0 0
1064 90 1 1 10 0 0 10 0 0
1075 10 0 0 0 0 0 0 0 0
1078 6 0 0 2 0 0 0 0 0
1082 2 0 0 0 0 0 2 2 2
1083 4 0 0 2 0 0 2 0 0
1084 6 1 1 2 0 0 0 0 0
1087 8 0 0 2 0 0 2 0 0
1088 4 0 0 2 0 0 2 0 0
1091 4 0 0 2 0 0 2 0 0
1095 8 0 0 2 0 0 0 0 0
1101 8 1 1 2 0 0 4 2 2
1102 2 0 0 0 0 0 0 0 0
1106 40 1 1 5 0 0 10 0 0
1156 10 1 1 5 0 0 5 0 0
1157 5 0 0 0 0 0 0 0 0
1160 15 0 0 5 0 0 5 1 1
1161 15 0 0 5 0 0 5 0 0
1165 20 1 1 5 0 0 0 0 0
1178 35 1 1 10 0 0 5 0 0
1180 10 0 0 5 0 0 0 0 0
1199 45 1 1 20 0 0 15 2 2
1203 15 0 0 5 0 0 0 0 0
1210 15 0 0 5 0 0 5 0 0
1211 10 1 1 5 0 0 5 0 0
1213 10 0 0 0 0 0 0 0 0
1219 40 2 2 10 0 0 5 0 0
1223 10 0 0 5 0 0 0 0 0
1246 55 0 0 5 0 0 0 0 0
1248 20 0 0 0 0 0 0 0 0
1250 60 0 0 30 0 0 5 0 0
1258 30 0 0 10 0 0 0 0 0
1259 15 0 0 10 0 0 5 0 0
1261 35 0 0 10 0 0 0 0 0
1263 15 2 2 15 0 0 0 0 0
1264 21 0 0 3 0 0 0 0 0
1266 12 0 0 0 0 0 3 0 0
1268 40 1 1 20 0 0 0 0 0
1274 10 0 0 5 0 0 0 0 0
1275 5 0 0 0 0 0 0 0 0
1276 25 0 0 5 0 0 0 0 0
1277 10 0 0 0 0 0 0 0 0
1284 10 0 0 0 0 0 0 0 0
1287 10 0 0 0 0 0 0 0 0
1298 40 1 1 0 0 0 20 0 0
1299 30 0 0 20 0 0 0 0 0
1304 10 0 0 0 0 0 0 0 0
1308 16 1 1 2 0 0 2 0 0
1311 4 0 0 0 0 0 0 0 0
1319 10 1 1 0 0 0 0 0 0
1323 15 0 0 5 0 0 0 0 0
1332 10 0 0 5 0 0 5 0 0
1338 15 0 0 5 0 0 0 0 0
1354 15 0 0 5 0 0 0 0 0
1373 10 0 0 5 0 0 5 0 0
1375 25 1 1 10 0 0 0 0 0
1426 15 0 0 5 2 2 0 0 0
1427 4 0 0 2 0 0 2 0 0
1430 20 0 0 5 0 0 5 0 0
1438 10 0 0 5 0 0 0 0 0
1441 15 1 1 10 0 0 5 0 0
1443 10 0 0 5 0 0 0 0 0
1459 10 0 0 0 0 0 5 0 0
1463 10 0 0 5 0 0 0 0 0
1464 10 0 0 5 0 0 0 0 0
1481 10 1 1 5 0 0 0 0 0
1482 2 1 1 0 0 0 1 0 0
1485 10 0 0 5 0 0 5 0 0
1486 10 0 0 5 0 0 5 0 0
1490 10 0 0 5 0 0 0 0 0
1497 10 0 0 0 0 0 0 0 0
1498 5 0 0 5 0 0 0 0 0
1517 45 1 1 35 0 0 0 0 0
fn=expand_dynamic_string_token
161 3 0 0 0 0 0 1 0 0
162 2 0 0 0 0 0 1 0 0
164 2 1 1 0 0 0 0 0 0
167 4 0 0 0 0 0 0 0 0
314 9 2 2 0 0 0 6 0 0
324 5 0 0 0 0 0 1 0 0
339 7 0 0 6 0 0 0 0 0
fn=fillin_rpath
384 16 1 1 0 0 0 10 0 0
388 12 1 1 2 0 0 2 0 0
391 3 0 0 0 0 0 1 0 0
395 2 0 0 0 0 0 0 0 0
402 4 1 1 1 0 0 0 0 0
407 3 1 1 0 0 0 1 0 0
410 2 0 0 0 0 0 0 0 0
439 15 0 0 5 0 0 0 0 0
440 8 1 1 4 0 0 0 0 0
458 3 0 0 1 0 0 1 0 0
461 5 1 1 2 0 0 1 0 0
464 2 0 0 0 0 0 0 0 0
468 3 0 0 1 0 0 1 1 1
470 5 0 0 0 0 0 3 0 0
471 2 1 1 1 0 0 1 0 0
473 2 0 0 1 0 0 0 0 0
479 4 0 0 1 0 0 0 0 0
480 39 2 2 1 0 0 0 0 0
481 6 1 1 0 0 0 4 0 0
483 2 0 0 1 0 0 1 1 1
484 2 0 0 1 0 0 0 0 0
489 2 1 1 0 0 0 1 0 0
491 2 1 1 1 0 0 1 0 0
492 1 0 0 0 0 0 1 0 0
495 3 0 0 0 0 0 1 0 0
500 1 0 0 0 0 0 1 0 0
503 9 1 1 7 0 0 0 0 0
fn=local_strdup
160 16 1 1 0 0 0 8 0 0
161 8 0 0 0 0 0 4 0 0
162 8 1 1 0 0 0 4 0 0
164 8 0 0 0 0 0 0 0 0
167 16 0 0 0 0 0 0 0 0
168 12 0 0 8 0 0 0 0 0
fn=open_path
1809 56 2 2 0 0 0 48 0 0
1810 8 0 0 4 0 0 4 0 0
1816 12 1 1 0 0 0 0 0 0
1821 48 1 1 12 0 0 8 0 0
1833 12 0 0 4 0 0 4 0 0
1840 20 1 1 12 0 0 8 0 0
1841 111 0 0 7 0 0 0 0 0
1844 32 1 1 16 0 0 0 0 0
1847 7 0 0 7 0 0 0 0 0
1848 77 1 1 42 0 0 14 0 0
1854 14 1 1 7 0 0 0 0 0
1857 56 0 0 35 0 0 7 0 0
1859 21 0 0 7 0 0 0 0 0
1861 8 0 0 0 0 0 0 0 0
1866 8 1 1 4 0 0 0 0 0
1867 32 1 1 16 0 0 0 0 0
1873 24 0 0 8 0 0 8 0 0
1875 8 0 0 0 0 0 0 0 0
1876 20 0 0 9 0 0 4 0 0
1878 6 1 1 0 0 0 3 0 0
1880 3 1 1 0 0 0 1 0 0
1885 28 0 0 4 0 0 0 0 0
1887 9 0 0 0 0 0 0 0 0
1896 12 0 0 0 0 0 4 0 0
1926 24 1 1 4 0 0 0 0 0
1931 4 0 0 4 0 0 0 0 0
1933 20 0 0 12 0 0 0 0 0
1936 12 0 0 4 0 0 0 0 0
1946 12 0 0 0 0 0 0 0 0
1950 36 1 1 28 0 0 0 0 0
fn=open_verify
1565 168 2 2 0 0 0 108 1 1
1601 58 0 0 12 0 0 0 0 0
1622 60 1 1 12 0 0 12 1 1
1623 24 0 0 0 0 0 0 0 0
1633 5 0 0 0 0 0 5 0 0
1634 55 1 1 10 0 0 20 1 1
1641 20 0 0 10 0 0 0 0 0
1657 70 1 1 90 1 1 0 0 0
1707 10 0 0 5 0 0 0 0 0
1712 10 0 0 5 0 0 0 0 0
1714 15 0 0 5 0 0 0 0 0
1720 10 0 0 5 1 1 0 0 0
1727 25 0 0 5 0 0 0 0 0
1728 20 0 0 5 0 0 0 0 0
1729 5 1 1 0 0 0 0 0 0
1744 276 0 0 0 0 0 0 0 0
1745 93 1 1 44 5 5 0 0 0
1749 25 1 1 15 0 0 0 0 0
1750 15 0 0 0 0 0 0 0 0
1759 97 1 1 114 1 1 0 0 0
1764 35 0 0 10 0 0 0 0 0
1766 15 0 0 0 0 0 0 0 0
1771 2 0 0 0 0 0 0 0 0
1772 2 0 0 0 0 0 0 0 0
1775 4 0 0 0 0 0 0 0 0
1778 2 0 0 2 0 0 0 0 0
1779 2 0 0 2 0 0 0 0 0
1780 2 0 0 2 0 0 0 0 0
1781 28 1 1 2 0 0 0 0 0
1782 2 0 0 2 0 0 0 0 0
1795 114 1 1 87 0 0 0 0 0
fl=/build/buildd/eglibc-2.11.1/elf/dl-lookup.c
fn=_dl_lookup_symbol_x
459 207306 1 1 50259 1289 1117 0 0 0
460 245025 0 0 0 0 0 0 0 0
698 17556 3 2 0 0 0 11286 6 0
700 2508 0 0 0 0 0 1254 1 0
701 2508 0 0 0 0 0 2508 2 0
704 1254 0 0 1254 5 0 0 0 0
708 4988 0 0 1240 0 0 0 0 0
713 6270 1 1 3762 6 0 1254 1 1
719 12600 1 1 3774 0 0 2508 0 0
721 18810 1 1 8778 0 0 8778 1 1
724 2508 0 0 0 0 0 0 0 0
727 24 0 0 0 0 0 0 0 0
752 2508 1 1 0 0 0 0 0 0
754 84 1 1 24 0 0 0 0 0
771 24 1 1 0 0 0 12 0 0
772 12 0 0 0 0 0 0 0 0
775 3726 0 0 1242 0 0 0 0 0
776 7452 0 0 2484 0 0 0 0 0
811 4968 0 0 1242 0 0 0 0 0
825 3726 1 1 1242 11 0 0 0 0
826 2 1 1 0 0 0 1 0 0
828 3726 0 0 1242 0 0 0 0 0
833 1242 0 0 0 0 0 1242 0 0
834 1242 0 0 1242 0 0 0 0 0
835 10032 0 0 8778 0 0 0 0 0
962 1242 0 0 1242 0 0 0 0 0
fn=_dl_setup_hash
843 7 1 1 0 0 0 0 0 0
847 21 0 0 7 0 0 0 0 0
852 7 0 0 7 0 0 0 0 0
855 14 0 0 7 7 7 7 1 1
856 7 0 0 7 0 0 0 0 0
857 7 0 0 7 3 3 0 0 0
859 21 0 0 0 0 0 0 0 0
860 7 1 1 0 0 0 7 0 0
861 21 0 0 7 0 0 7 0 0
863 7 0 0 0 0 0 7 0 0
864 21 0 0 0 0 0 0 0 0
866 7 0 0 0 0 0 7 0 0
868 42 0 0 0 0 0 7 0 0
881 14 0 0 7 0 0 0 0 0
fn=check_match.12169
132 7458 1 1 0 0 0 4972 1 0
133 2486 0 0 1243 35 17 0 0 0
135 4970 3 2 1242 135 109 0 0 0
137 6215 1 1 2486 0 0 0 0 0
147 3726 0 0 1242 0 0 1242 0 0
150 2852 1 1 1426 0 0 92 0 0
154 2484 0 0 2484 4 0 0 0 0
155 3726 0 0 1242 0 0 0 0 0
157 2480 1 1 0 0 0 0 0 0
176 2480 0 0 2480 30 4 0 0 0
177 11160 0 0 2480 0 0 0 0 0
178 4960 0 0 3720 10 0 1240 0 0
205 6 0 0 0 0 0 0 0 0
207 24 0 0 6 2 0 0 0 0
214 2 0 0 0 0 0 0 0 0
223 8701 1 1 6215 0 0 0 0 0
fn=do_lookup_x
77 12540 1 1 5016 0 0 7524 2 0
82 15048 5 2 2508 0 0 7524 2 0
83 1254 0 0 1254 2 0 0 0 0
95 4132 0 0 0 0 0 4132 0 0
96 4132 2 1 0 0 0 4132 0 0
98 12396 0 0 8264 21 1 4132 0 0
101 8264 0 0 0 0 0 0 0 0
105 8270 0 0 4135 0 0 0 0 0
109 8262 0 0 4131 18 0 0 0 0
113 8262 1 1 4131 2 1 0 0 0
120 12393 0 0 4131 11 0 0 0 0
124 12393 0 0 8262 68 2 4131 1 1
125 12393 0 0 8262 32 0 4131 0 0
226 8262 1 1 8262 0 0 0 0 0
227 8262 0 0 0 0 0 0 0 0
230 5016 0 0 1254 0 0 0 0 0
231 12393 0 0 8262 457 105 0 0 0
234 52080 0 0 4131 0 0 0 0 0
241 7896 1 1 3948 239 123 0 0 0
242 2632 0 0 0 0 0 0 0 0
244 9128 1 1 1304 0 0 0 0 0
247 16920 0 0 3384 594 283 0 0 0
249 7458 0 0 2486 0 0 1243 0 0
250 11187 1 1 2486 0 0 6215 1 0
251 7460 1 1 4973 0 0 0 0 0
254 6364 0 0 0 0 0 0 0 0
258 2889 1 1 0 0 0 2889 0 0
272 2508 0 0 0 0 0 1254 2 0
282 5778 0 0 2889 0 0 0 0 0
287 6200 0 0 1242 0 0 0 0 0
291 5286 1 1 934 1 0 1242 0 0
296 248 2 1 0 0 0 0 0 0
304 1242 1 1 0 0 0 1242 0 0
305 3726 0 0 1242 0 0 1242 0 0
306 1242 0 0 0 0 0 0 0 0
444 17700 1 1 3375 0 0 0 0 0
445 3605 1 1 2957 0 0 648 1 0
448 11572 1 1 0 0 0 0 0 0
452 10032 0 0 8778 0 0 0 0 0
fl=/build/buildd/eglibc-2.11.1/elf/dl-minimal.c
fn=__libc_memalign
53 144 1 1 0 0 0 72 1 1
54 143 1 1 71 0 0 0 0 0
59 5 0 0 0 0 0 1 0 0
60 2 1 1 1 0 0 0 0 0
65 144 0 0 0 0 0 36 0 0
68 236 0 0 0 0 0 0 0 0
72 16 1 1 4 0 0 0 0 0
73 12 0 0 0 0 0 0 0 0
79 28 0 0 0 0 0 4 0 0
81 8 0 0 0 0 0 0 0 0
84 12 0 0 8 0 0 0 0 0
85 16 0 0 0 0 0 4 0 0
88 36 0 0 0 0 0 36 0 0
89 36 0 0 0 0 0 36 0 0
91 144 0 0 108 0 0 0 0 0
fn=calloc
108 28 0 0 0 0 0 0 0 0
111 70 1 1 0 0 0 0 0 0
115 28 0 0 0 0 0 0 0 0
fn=malloc
96 105 1 1 0 0 0 0 0 0
fn=strsep
320 4 1 1 0 0 0 0 0 0
323 12 0 0 4 0 0 0 0 0
325 4 0 0 4 0 0 0 0 0
326 8 0 0 0 0 0 0 0 0
330 378 0 0 63 0 0 0 0 0
335 244 1 1 0 0 0 0 0 0
337 488 0 0 122 0 0 0 0 0
345 61 0 0 0 0 0 0 0 0
348 2 0 0 0 0 0 2 0 0
352 8 0 0 4 0 0 0 0 0
fl=/build/buildd/eglibc-2.11.1/elf/dl-misc.c
fn=_dl_name_match_p
301 1365 1 1 0 0 0 546 2 1
302 1092 0 0 273 8 1 273 1 0
305 273 0 0 273 0 0 0 0 0
307 1629 0 0 0 0 0 0 0 0
308 1435 2 2 287 25 0 287 0 0
311 270 0 0 270 0 0 0 0 0
314 1092 0 0 819 0 0 0 0 0
fn=_dl_sysdep_read_whole_file
44 7 1 1 0 0 0 4 0 0
47 4 1 1 0 0 0 1 0 0
48 3 0 0 0 0 0 0 0 0
50 6 0 0 0 0 0 1 0 0
52 2 0 0 1 0 0 1 0 0
55 2 0 0 0 0 0 0 0 0
57 9 2 2 0 0 0 1 0 0
68 2 0 0 0 0 0 1 0 0
71 7 0 0 5 0 0 0 0 0
fl=/build/buildd/eglibc-2.11.1/elf/dl-object.c
fn=_dl_new_object
34 5 0 0 0 0 0 0 0 0
36 78 1 1 0 0 0 54 1 1
39 18 0 0 0 0 0 6 1 1
45 6 0 0 6 0 0 0 0 0
46 72 3 3 6 0 0 0 0 0
52 30 0 0 0 0 0 12 0 0
55 18 0 0 6 0 0 0 0 0
58 6 1 1 0 0 0 6 6 6
59 12 0 0 0 0 0 6 6 6
62 12 0 0 0 0 0 6 0 0
64 30 0 0 6 0 0 18 3 3
66 12 0 0 6 0 0 6 0 0
68 6 0 0 0 0 0 6 1 1
69 36 1 1 12 6 6 6 0 0
72 12 0 0 6 0 0 0 0 0
73 12 0 0 0 0 0 6 6 6
74 6 0 0 0 0 0 6 0 0
78 6 0 0 0 0 0 6 0 0
81 44 0 0 0 0 0 0 0 0
83 32 1 1 0 0 0 16 4 4
93 12 0 0 0 0 0 6 3 3
94 6 0 0 0 0 0 6 6 6
99 41 1 1 6 1 1 0 0 0
102 80 0 0 20 0 0 0 0 0
104 5 0 0 0 0 0 5 0 0
106 5 0 0 0 0 0 5 0 0
109 40 0 0 10 0 0 5 0 0
112 5 1 1 0 0 0 1 0 0
113 18 1 1 6 0 0 0 0 0
114 12 0 0 6 1 1 6 0 0
115 12 0 0 0 0 0 6 0 0
118 13 0 0 0 0 0 0 0 0
122 16 0 0 5 0 0 0 0 0
126 39 0 0 5 0 0 0 0 0
134 1 1 1 0 0 0 1 0 0
137 12 0 0 0 0 0 6 0 0
140 18 0 0 6 0 0 0 0 0
142 20 0 0 0 0 0 10 0 0
146 10 0 0 0 0 0 0 0 0
150 15 0 0 0 0 0 5 0 0
151 20 1 1 0 0 0 0 0 0
196 20 0 0 5 0 0 5 0 0
201 84 0 0 0 0 0 0 0 0
202 247 0 0 84 0 0 0 0 0
204 10 0 0 0 0 0 0 0 0
207 10 0 0 0 0 0 5 0 0
210 5 0 0 0 0 0 5 2 2
214 54 0 0 42 0 0 0 0 0
fl=/build/buildd/eglibc-2.11.1/elf/dl-profstub.c
fn=_dl_mcount_wrapper_check
39 384 2 2 256 1 0 0 0 0
40 128 0 0 128 0 0 0 0 0
fl=/build/buildd/eglibc-2.11.1/elf/dl-reloc.c
fn=_dl_protect_relro
334 14 0 0 0 0 0 7 0 0
335 14 0 0 14 3 0 0 0 0
336 28 1 1 7 0 0 0 0 0
338 14 0 0 7 0 0 0 0 0
340 28 0 0 0 0 0 0 0 0
341 21 1 1 0 0 0 7 0 0
347 21 0 0 14 0 0 0 0 0
fn=_dl_relocate_object
156 14 1 1 0 0 0 7 0 0
158 77 1 1 0 0 0 56 0 0
168 14 0 0 0 0 0 0 0 0
172 14 0 0 0 0 0 0 0 0
173 35 1 1 7 2 0 7 0 0
179 14 0 0 7 0 0 0 0 0
185 21 0 0 7 0 0 0 0 0
186 21 1 1 14 6 0 0 0 0
189 14 0 0 7 0 0 0 0 0
197 21 1 1 7 2 0 7 0 0
242 21 0 0 14 0 0 7 0 0
268 323 4 4 139 9 1 75 0 0
271 21 0 0 7 0 0 0 0 0
311 7 0 0 7 0 0 0 0 0
314 14 0 0 7 0 0 0 0 0
327 14 0 0 7 2 0 0 0 0
328 21 0 0 0 0 0 7 0 0
329 56 0 0 49 1 1 0 0 0
fl=/build/buildd/eglibc-2.11.1/elf/dl-tls.c
fn=_dl_add_to_slotinfo
820 8 1 1 0 0 0 6 0 0
826 4 1 1 2 0 0 0 0 0
829 2 0 0 2 1 0 0 0 0
834 6 0 0 2 1 0 0 0 0
875 6 0 0 0 0 0 2 2 0
876 6 2 2 2 0 0 2 0 0
877 8 0 0 8 0 0 0 0 0
fn=_dl_allocate_tls_init
380 8 1 1 0 0 0 7 0 0
381 2 0 0 0 0 0 0 0 0
385 1 0 0 1 1 0 0 0 0
393 6 1 1 2 0 0 2 0 0
398 13 0 0 3 0 0 0 0 0
404 20 1 1 3 0 0 0 0 0
407 2 1 1 2 0 0 0 0 0
408 4 0 0 0 0 0 0 0 0
414 6 0 0 2 0 0 0 0 0
416 6 0 0 2 1 0 0 0 0
426 4 0 0 2 0 0 0 0 0
427 6 1 1 4 1 0 0 0 0
429 4 0 0 0 0 0 0 0 0
430 6 0 0 2 0 0 0 0 0
438 6 0 0 0 0 0 2 1 1
439 6 1 1 2 0 0 2 0 0
440 24 0 0 12 0 0 4 0 0
454 1 1 1 0 0 0 1 0 0
457 9 1 1 8 0 0 0 0 0
fn=_dl_allocate_tls_storage
299 2 0 0 1 0 0 0 0 0
300 3 0 0 0 0 0 1 0 0
301 2 0 0 0 0 0 0 0 0
304 1 0 0 0 0 0 1 0 0
310 2 0 0 0 0 0 1 0 0
332 3 1 1 0 0 0 3 0 0
334 1 0 0 1 0 0 0 0 0
345 4 0 0 1 0 0 1 0 0
346 2 1 1 0 0 0 0 0 0
353 1 0 0 0 0 0 0 0 0
357 305 1 1 0 0 0 286 36 36
374 5 0 0 4 0 0 0 0 0
fn=_dl_determine_tlsoffset
116 7 1 1 0 0 0 6 0 0
122 3 0 0 1 0 0 0 0 0
125 3 2 2 1 0 0 0 0 0
161 12 1 1 3 0 0 0 0 0
163 11 0 0 2 0 0 0 0 0
166 10 1 1 4 0 0 0 0 0
168 4 0 0 0 0 0 0 0 0
170 10 0 0 2 0 0 0 0 0
182 4 0 0 0 0 0 0 0 0
186 10 1 1 0 0 0 0 0 0
188 8 0 0 0 0 0 0 0 0
198 4 0 0 0 0 0 2 0 0
201 1 0 0 0 0 0 1 0 0
202 5 0 0 0 0 0 1 0 0
253 1 0 0 0 0 0 1 0 0
254 8 0 0 7 0 0 0 0 0
fn=_dl_next_tls_modid
54 2 1 1 0 0 0 0 0 0
57 6 0 0 4 0 0 0 0 0
105 4 0 0 0 0 0 2 0 0
109 4 0 0 2 0 0 0 0 0
fl=/build/buildd/eglibc-2.11.1/elf/dl-version.c
fn=_dl_check_all_versions
383 7 1 1 0 0 0 4 0 0
387 26 0 0 7 0 0 0 0 0
388 56 0 0 7 0 0 0 0 0
389 28 1 1 0 0 0 7 0 0
392 7 0 0 5 0 0 0 0 0
fn=_dl_check_map_versions
62 180 1 1 30 0 0 0 0 0
63 45 0 0 45 0 0 0 0 0
64 275 1 1 0 0 0 55 0 0
180 77 2 2 0 0 0 56 0 0
195 21 0 0 7 1 0 0 0 0
197 14 0 0 7 1 0 7 0 0
199 14 1 1 7 0 0 7 0 0
200 14 0 0 7 0 0 7 0 0
202 14 0 0 0 0 0 0 0 0
205 20 0 0 10 0 0 5 0 0
209 15 0 0 10 4 4 0 0 0
219 15 0 0 0 0 0 0 0 0
226 30 0 0 20 1 1 10 0 0
230 20 0 0 0 0 0 0 0 0
234 30 0 0 10 0 0 0 0 0
239 40 0 0 20 0 0 0 0 0
243 369 2 2 198 6 6 38 0 0
254 57 0 0 19 0 0 0 0 0
259 18 0 0 0 0 0 0 0 0
263 40 0 0 20 0 0 0 0 0
268 15 0 0 0 0 0 5 0 0
269 9 0 0 0 0 0 0 0 0
277 14 1 1 7 0 0 0 0 0
280 232 0 0 68 0 0 0 0 0
286 159 0 0 53 1 1 0 0 0
290 96 0 0 0 0 0 0 0 0
294 14 1 1 0 0 0 0 0 0
299 30 0 0 0 0 0 12 0 0
300 6 1 1 0 0 0 0 0 0
301 12 0 0 0 0 0 0 0 0
309 6 0 0 0 0 0 6 0 0
312 18 1 1 12 1 0 6 1 0
314 12 0 0 6 0 0 0 0 0
317 25 0 0 20 0 0 0 0 0
321 20 0 0 10 0 0 0 0 0
325 124 1 1 43 0 0 19 10 10
326 67 0 0 19 0 0 19 0 0
327 57 0 0 19 0 0 19 1 1
328 57 0 0 19 0 0 19 0 0
330 57 0 0 19 0 0 0 0 0
335 18 1 1 0 0 0 0 0 0
338 30 1 1 10 0 0 0 0 0
343 15 0 0 5 0 0 0 0 0
344 5 0 0 0 0 0 0 0 0
348 12 0 0 6 0 0 0 0 0
351 25 0 0 20 0 0 0 0 0
355 53 0 0 53 0 0 0 0 0
357 106 1 1 53 0 0 0 0 0
362 336 0 0 144 0 0 48 15 15
363 192 0 0 48 0 0 48 0 0
364 48 0 0 0 0 0 48 3 3
367 164 1 1 53 0 0 0 0 0
371 96 0 0 0 0 0 0 0 0
377 63 0 0 49 0 0 0 0 0
fn=match_symbol
82 247 1 1 0 0 0 133 0 0
83 38 0 0 38 0 0 0 0 0
91 38 0 0 19 0 0 0 0 0
97 57 0 0 19 0 0 0 0 0
112 19 0 0 19 1 0 0 0 0
113 38 0 0 0 0 0 0 0 0
115 19 0 0 19 0 0 0 0 0
120 190 0 0 95 17 17 0 0 0
134 190 1 1 95 6 6 0 0 0
139 171 1 1 57 0 0 38 0 0
146 228 0 0 76 5 5 0 0 0
150 152 0 0 0 0 0 0 0 0
173 19 0 0 0 0 0 0 0 0
174 133 1 1 133 0 0 0 0 0
fl=/build/buildd/eglibc-2.11.1/elf/do-rel.h
fn=_dl_relocate_object
57 14 0 0 0 0 0 0 0 0
58 14 0 0 0 0 0 0 0 0
59 14 0 0 14 1 0 0 0 0
65 28 0 0 0 0 0 0 0 0
68 2075 0 0 0 0 0 0 0 0
75 21 1 1 14 0 0 7 0 0
76 7 0 0 7 6 0 0 0 0
77 69 1 1 6 4 0 0 0 0
79 7 0 0 0 0 0 0 0 0
91 21 0 0 0 0 0 0 0 0
101 14 0 0 1 1 1 0 0 0
104 5091 1 1 0 0 0 0 0 0
105 1691 0 0 1691 2 1 0 0 0
111 21 1 1 7 7 0 0 0 0
115 12 0 0 6 1 0 6 0 0
117 6417 2 2 2133 0 0 0 0 0
119 10665 0 0 6399 961 687 0 0 0
120 14178 0 0 4266 1 0 2133 0 0
122 4266 1 1 4266 1 1 0 0 0
127 15 2 2 3 0 0 2 0 0
128 21 1 1 6 1 1 3 0 0
129 6 0 0 6 0 0 0 0 0
fn=_dl_start
75 2 0 0 2 0 0 0 0 0
76 1 0 0 1 0 0 0 0 0
77 2 0 0 0 0 0 0 0 0
79 8 0 0 1 0 0 0 0 0
104 45 0 0 0 0 0 0 0 0
105 14 0 0 14 0 0 0 0 0
109 2 0 0 1 0 0 0 0 0
117 27 0 0 0 0 0 0 0 0
120 32 1 1 8 2 2 0 0 0
122 8 0 0 8 0 0 0 0 0
fl=/build/buildd/eglibc-2.11.1/elf/dynamic-link.h
fn=_dl_map_object_from_fd
113 10 0 0 0 0 0 0 0 0
117 5 1 1 0 0 0 0 0 0
119 357 0 0 119 34 34 0 0 0
121 228 1 1 0 0 0 0 0 0
126 129 0 0 0 0 0 0 0 0
127 88 0 0 0 0 0 26 13 13
128 20 1 1 0 0 0 0 0 0
129 83 0 0 0 0 0 83 16 16
131 25 0 0 0 0 0 0 0 0
132 5 0 0 0 0 0 0 0 0
134 25 0 0 0 0 0 0 0 0
135 25 0 0 0 0 0 5 0 0
137 114 0 0 0 0 0 0 0 0
144 15 0 0 5 0 0 0 0 0
164 20 1 1 10 0 0 0 0 0
165 20 0 0 10 0 0 0 0 0
166 20 0 0 10 0 0 0 0 0
167 20 0 0 10 0 0 0 0 0
169 20 0 0 10 0 0 0 0 0
174 20 1 1 10 0 0 0 0 0
175 19 0 0 9 1 1 0 0 0
176 20 0 0 10 0 0 0 0 0
182 15 0 0 5 0 0 0 0 0
187 10 0 0 5 0 0 0 0 0
194 10 1 1 5 0 0 0 0 0
195 20 0 0 10 0 0 0 0 0
211 15 0 0 5 3 3 0 0 0
216 3 0 0 1 0 0 1 0 0
218 2 0 0 0 0 0 0 0 0
220 2 0 0 0 0 0 0 0 0
222 2 0 0 0 0 0 0 0 0
225 15 1 1 5 0 0 0 0 0
227 2 0 0 1 0 0 1 0 0
229 2 0 0 0 0 0 0 0 0
232 10 1 1 5 0 0 0 0 0
fn=_dl_start
119 58 0 0 20 5 5 0 0 0
121 36 0 0 0 0 0 0 0 0
122 14 0 0 0 0 0 13 3 3
126 21 1 1 0 0 0 0 0 0
127 14 0 0 0 0 0 4 2 2
128 4 2 2 0 0 0 0 0 0
131 5 1 1 0 0 0 0 0 0
132 1 0 0 0 0 0 0 0 0
134 5 1 1 0 0 0 0 0 0
135 5 1 1 0 0 0 1 1 1
137 18 0 0 0 0 0 0 0 0
144 2 0 0 0 0 0 0 0 0
164 4 0 0 2 0 0 0 0 0
165 4 1 1 2 0 0 0 0 0
166 4 0 0 2 0 0 0 0 0
167 4 0 0 2 0 0 0 0 0
169 4 0 0 2 0 0 0 0 0
174 4 1 1 2 0 0 0 0 0
175 4 0 0 2 0 0 0 0 0
176 4 0 0 2 0 0 0 0 0
182 3 0 0 1 0 0 0 0 0
187 2 1 1 1 0 0 0 0 0
194 3 0 0 1 0 0 0 0 0
195 3 0 0 2 0 0 0 0 0
203 3 0 0 1 0 0 0 0 0
205 3 1 1 1 1 1 0 0 0
208 2 0 0 1 0 0 0 0 0
209 2 0 0 1 0 0 0 0 0
fn=dl_main
104 1 0 0 1 0 0 0 0 0
113 2 0 0 0 0 0 0 0 0
117 1 0 0 0 0 0 0 0 0
119 72 0 0 24 7 7 0 0 0
121 46 1 1 0 0 0 0 0 0
126 17 1 1 0 0 0 0 0 0
127 11 0 0 0 0 0 3 3 3
128 4 1 1 0 0 0 0 0 0
129 19 0 0 0 0 0 19 3 3
131 5 2 2 0 0 0 0 0 0
132 1 0 0 0 0 0 0 0 0
134 5 0 0 0 0 0 0 0 0
135 5 0 0 0 0 0 1 0 0
137 23 0 0 0 0 0 0 0 0
144 3 0 0 1 0 0 0 0 0
182 3 1 1 1 0 0 0 0 0
187 2 0 0 1 0 0 0 0 0
194 2 0 0 1 0 0 0 0 0
195 4 1 1 2 0 0 0 0 0
211 3 0 0 1 0 0 0 0 0
225 3 1 1 1 0 0 0 0 0
232 2 0 0 1 0 0 0 0 0
fl=/build/buildd/eglibc-2.11.1/elf/rtld.c
fn=_dl_initial_error_catch_tsd
794 26 1 1 13 0 0 0 0 0
fn=_dl_start
286 69 3 3 1 0 0 1 0 0
298 2 0 0 0 0 0 1 1 1
299 2 1 1 0 0 0 1 0 0
300 2 0 0 0 0 0 1 0 0
301 2 0 0 0 0 0 1 0 0
302 2 0 0 0 0 0 1 1 1
323 5 0 0 0 0 0 1 0 0
327 1 0 0 0 0 0 1 1 1
333 4 0 0 0 0 0 1 0 0
342 1 0 0 0 0 0 0 0 0
345 1 0 0 1 1 1 0 0 0
349 2 0 0 1 0 0 0 0 0
363 9 1 1 0 0 0 6 1 1
381 5 0 0 0 0 0 1 1 1
407 1 0 0 0 0 0 1 1 1
410 3 0 0 1 1 1 1 1 1
538 2 0 0 0 0 0 0 0 0
543 14 2 2 7 0 0 0 0 0
545 1 1 1 1 1 1 0 0 0
570 9 0 0 7 2 2 0 0 0
fn=dl_main
886 11 2 2 0 0 0 8 3 3
905 2 0 0 0 0 0 1 0 0
908 2 0 0 0 0 0 1 1 1
912 2 0 0 0 0 0 1 0 0
913 2 0 0 0 0 0 1 0 0
918 2 0 0 0 0 0 1 1 1
921 2 1 1 0 0 0 1 1 1
928 4 0 0 2 0 0 0 0 0
1090 8 1 1 0 0 0 1 0 0
1092 2 1 1 0 0 0 0 0 0
1093 2 0 0 1 0 0 0 0 0
1094 1 0 0 0 0 0 1 0 0
1095 2 0 0 1 0 0 1 0 0
1096 4 0 0 2 0 0 1 0 0
1117 1 0 0 0 0 0 1 1 1
1118 1 0 0 0 0 0 1 0 0
1120 1 0 0 0 0 0 1 0 0
1122 1 1 1 1 0 0 0 0 0
1125 35 0 0 1 0 0 0 0 0
1126 80 2 2 9 5 5 0 0 0
1130 3 1 1 1 0 0 1 0 0
1131 1 0 0 0 0 0 0 0 0
1135 3 1 1 2 0 0 1 0 0
1136 1 0 0 0 0 0 0 0 0
1144 3 2 2 2 1 1 1 1 1
1147 2 0 0 0 0 0 1 0 0
1154 3 0 0 1 0 0 0 0 0
1180 10 0 0 4 0 0 0 0 0
1181 2 1 1 2 1 1 0 0 0
1182 4 0 0 2 0 0 0 0 0
1183 2 0 0 1 0 0 1 0 0
1186 4 0 0 2 1 1 0 0 0
1187 4 0 0 2 0 0 0 0 0
1188 2 0 0 0 0 0 2 0 0
1189 6 0 0 3 0 0 0 0 0
1190 2 0 0 0 0 0 1 0 0
1217 2 0 0 1 0 0 1 0 0
1218 1 0 0 0 0 0 0 0 0
1221 2 0 0 1 0 0 1 1 1
1222 5 0 0 1 0 0 1 0 0
1228 3 0 0 1 0 0 0 0 0
1231 2 0 0 1 0 0 0 0 0
1233 2 1 1 1 0 0 0 0 0
1235 3 0 0 1 0 0 0 0 0
1248 5 0 0 1 0 0 0 0 0
1249 6 1 1 4 0 0 1 0 0
1254 1 0 0 0 0 0 1 0 0
1256 1 0 0 0 0 0 1 0 0
1257 1 0 0 0 0 0 1 0 0
1259 3 1 1 2 0 0 0 0 0
1260 2 0 0 0 0 0 1 0 0
1264 2 0 0 1 0 0 0 0 0
1266 2 0 0 0 0 0 0 0 0
1271 2 0 0 0 0 0 1 0 0
1274 2 1 1 1 0 0 0 0 0
1294 4 0 0 1 0 0 1 0 0
1383 9 2 2 1 0 0 2 0 0
1388 2 0 0 1 0 0 1 0 0
1391 4 0 0 1 0 0 2 0 0
1393 1 0 0 0 0 0 1 0 0
1398 2 0 0 1 0 0 0 0 0
1401 4 2 2 2 0 0 1 0 0
1402 4 0 0 1 0 0 1 0 0
1403 2 0 0 0 0 0 1 0 0
1404 1 0 0 0 0 0 1 0 0
1405 1 1 1 1 0 0 0 0 0
1406 1 0 0 1 0 0 0 0 0
1411 2 0 0 1 0 0 0 0 0
1412 4 0 0 1 0 0 1 0 0
1416 1 0 0 1 0 0 0 0 0
1417 2 0 0 1 0 0 0 0 0
1419 1 0 0 0 0 0 1 0 0
1420 2 1 1 1 1 1 1 0 0
1424 3 0 0 1 0 0 0 0 0
1425 4 0 0 0 0 0 0 0 0
1426 4 0 0 1 1 1 0 0 0
1428 2 1 1 1 0 0 1 1 1
1429 2 0 0 1 0 0 1 0 0
1434 2 0 0 1 1 1 0 0 0
1439 4 0 0 1 0 0 0 0 0
1620 3 1 1 1 0 0 0 0 0
1623 2 0 0 1 0 0 1 0 0
1627 3 0 0 1 0 0 0 0 0
1632 2 0 0 1 0 0 1 0 0
1633 1 0 0 0 0 0 1 0 0
1637 3 1 1 1 0 0 0 0 0
1652 3 0 0 2 0 0 0 0 0
1656 4 0 0 1 0 0 0 0 0
1663 60 2 2 48 0 0 2 0 0
1666 4 0 0 0 0 0 2 0 0
1669 12 1 1 0 0 0 2 0 0
1670 4 0 0 2 0 0 0 0 0
1673 6 0 0 0 0 0 1 0 0
1675 1 1 1 0 0 0 0 0 0
1677 12 1 1 3 0 0 1 0 0
1687 5 1 1 0 0 0 1 0 0
1764 4 0 0 2 0 0 0 0 0
1768 9 1 1 0 0 0 0 0 0
1772 3 1 1 0 0 0 1 0 0
1773 1 0 0 1 0 0 0 0 0
1774 2 0 0 0 0 0 0 0 0
1775 3 0 0 0 0 0 0 0 0
1781 3 0 0 0 0 0 0 0 0
1782 7 0 0 1 0 0 1 0 0
1783 1 0 0 0 0 0 0 0 0
1785 9 1 1 1 0 0 1 0 0
1788 19 1 1 2 0 0 0 0 0
1789 29 0 0 15 0 0 0 0 0
1792 3 0 0 2 0 0 1 0 0
1793 3 0 0 1 0 0 0 0 0
1794 1 0 0 0 0 0 1 0 0
1796 17 0 0 0 0 0 0 0 0
1797 34 2 2 7 0 0 0 0 0
1809 2 1 1 1 0 0 1 0 0
1810 2 0 0 1 0 0 0 0 0
1812 5 0 0 1 0 0 1 0 0
1816 2 0 0 0 0 0 0 0 0
1817 1 0 0 1 0 0 0 0 0
1828 3 2 2 1 0 0 0 0 0
1830 3 0 0 0 0 0 0 0 0
1831 2 0 0 0 0 0 1 0 0
1832 4 0 0 1 0 0 1 0 0
1843 4 1 1 1 0 0 1 0 0
1844 4 0 0 1 0 0 1 0 0
1845 4 1 1 0 0 0 1 0 0
1855 2 0 0 1 0 0 1 0 0
1856 2 0 0 0 0 0 0 0 0
1857 4 1 1 0 0 0 1 0 0
1859 2 0 0 1 0 0 0 0 0
1862 1 0 0 0 0 0 1 0 0
1864 2 0 0 1 0 0 0 0 0
2093 3 1 1 1 1 1 0 0 0
2149 2 1 1 0 0 0 1 0 0
2153 4 1 1 2 0 0 2 0 0
2201 3 0 0 1 0 0 0 0 0
2208 2 0 0 1 0 0 0 0 0
2211 29 0 0 7 0 0 0 0 0
2214 4 1 1 0 0 0 1 0 0
2220 14 0 0 14 2 0 0 0 0
2222 16 0 0 0 0 0 0 0 0
2224 1 1 1 0 0 0 1 0 0
2225 1 0 0 1 0 0 0 0 0
2228 21 0 0 0 0 0 0 0 0
2229 42 0 0 12 5 0 6 0 0
2233 18 1 1 9 2 0 0 0 0
2234 6 0 0 0 0 0 2 0 0
2236 7 0 0 7 0 0 0 0 0
2238 14 0 0 0 0 0 0 0 0
2239 1 1 1 0 0 0 0 0 0
2241 8 0 0 1 1 1 1 0 0
2247 2 1 1 1 0 0 0 0 0
2256 4 0 0 2 2 0 0 0 0
2257 1 0 0 1 0 0 0 0 0
2262 2 0 0 0 0 0 1 0 0
2266 2 1 1 1 0 0 0 0 0
2274 4 0 0 1 0 0 0 0 0
2289 3 0 0 0 0 0 0 0 0
2291 1 0 0 1 0 0 0 0 0
2292 5 1 1 1 0 0 1 0 0
2293 1 0 0 0 0 0 0 0 0
2295 9 0 0 1 0 0 1 0 0
2303 1 0 0 0 0 0 1 0 0
2307 3 1 1 1 0 0 0 0 0
2327 3 0 0 0 0 0 1 0 0
2328 1 0 0 0 0 0 1 0 0
2329 1 0 0 0 0 0 1 0 0
2333 1 0 0 0 0 0 1 0 0
2338 8 0 0 7 2 1 0 0 0
fn=do_preload
800 6 1 1 0 0 0 3 0 0
802 1 0 0 0 0 0 1 0 0
806 1 0 0 0 0 0 1 0 0
807 1 1 1 0 0 0 1 0 0
808 1 0 0 0 0 0 1 0 0
809 1 0 0 0 0 0 1 0 0
811 1 0 0 1 0 0 0 0 0
813 6 0 0 0 0 0 1 0 0
814 2 1 1 1 0 0 0 0 0
816 3 0 0 1 0 0 0 0 0
828 5 0 0 4 0 0 0 0 0
fn=init_tls
718 1 0 0 0 0 0 1 0 0
720 2 1 1 1 1 0 1 0 0
724 2 0 0 1 1 0 0 0 0
730 1 0 0 0 0 0 0 0 0
733 5 0 0 0 0 0 2 0 0
740 1 0 0 0 0 0 1 0 0
741 1 0 0 0 0 0 1 0 0
745 2 1 1 1 1 1 0 0 0
747 20 0 0 1 0 0 0 0 0
748 7 0 0 7 0 0 0 0 0
749 14 0 0 7 2 0 0 0 0
753 6 0 0 0 0 0 2 1 1
755 2 0 0 0 0 0 0 0 0
757 2 1 1 1 0 0 0 0 0
760 1 0 0 0 0 0 1 0 0
767 2 0 0 0 0 0 1 0 0
768 2 0 0 0 0 0 0 0 0
774 2 0 0 1 0 0 1 0 0
778 7 0 0 0 0 0 2 0 0
780 1 1 1 0 0 0 0 0 0
781 1 1 1 0 0 0 1 0 0
783 1 0 0 0 0 0 0 0 0
784 3 0 0 2 0 0 0 0 0
fn=map_doit
627 3 1 1 0 0 0 1 0 0
629 9 0 0 4 0 0 3 0 0
632 3 1 1 2 0 0 0 0 0
fn=process_envvars
2494 10 2 2 0 0 0 7 1 1
2495 2 0 0 1 0 0 1 0 0
2501 3 0 0 0 0 0 1 0 0
2502 5 0 0 1 0 0 0 0 0
2504 17 0 0 0 0 0 3 1 1
2508 101 1 1 21 0 0 0 0 0
2509 19 0 0 0 0 0 0 0 0
2517 13 0 0 2 1 1 0 0 0
2538 5 1 1 2 1 1 0 0 0
2545 12 1 1 14 1 1 0 0 0
2547 2 0 0 0 0 0 1 0 0
2548 1 0 0 0 0 0 0 0 0
2591 17 1 1 24 1 1 0 0 0
2593 2 1 1 0 0 0 1 0 0
2594 1 0 0 0 0 0 0 0 0
2662 2 0 0 1 0 0 1 0 0
2666 3 0 0 1 0 0 0 0 0
2696 2 0 0 0 0 0 0 0 0
2717 8 1 1 7 0 0 0 0 0
fn=rtld_lock_default_lock_recursive
835 2 1 1 2 1 0 0 0 0
836 2 0 0 2 0 0 0 0 0
fn=rtld_lock_default_unlock_recursive
841 2 0 0 2 1 0 0 0 0
842 2 0 0 2 0 0 0 0 0
fn=security_init
848 4 1 1 0 0 0 3 0 0
850 1 0 0 1 0 0 0 0 0
852 1 0 0 0 0 0 1 0 0
858 3 0 0 1 0 0 0 0 0
860 1 1 1 1 0 0 0 0 0
863 1 0 0 0 0 0 1 0 0
865 1 0 0 0 0 0 1 0 0
871 1 0 0 0 0 0 1 0 0
872 5 0 0 4 0 0 0 0 0
fn=version_check_doit
658 2 1 1 0 0 0 1 0 0
660 2 0 0 0 0 0 0 0 0
661 4 0 0 2 0 0 1 0 0
664 2 0 0 2 0 0 0 0 0
fl=/build/buildd/eglibc-2.11.1/elf/soinit.c
fn=__libc_fini
19 3 0 0 1 0 0 0 0 0
36 1 0 0 0 0 0 1 0 0
39 2 1 1 2 0 0 0 0 0
fn=__libc_global_ctors
19 13 1 1 3 1 1 0 0 0
20 2 0 0 0 0 0 2 0 0
26 1 0 0 0 0 0 1 0 0
29 2 0 0 2 0 0 0 0 0
fl=/build/buildd/eglibc-2.11.1/iconv/gconv_simple.c
fn=__gconv_btwoc_ascii
52 512 1 1 0 0 0 0 0 0
56 128 0 0 128 0 0 0 0 0
fl=/build/buildd/eglibc-2.11.1/io/../sysdeps/unix/syscall-template.S
fn=__write_nocancel
82 30 0 0 6 0 0 0 0 0
fn=access
82 24 1 1 0 0 0 0 0 0
83 6 0 0 6 0 0 0 0 0
84 36 1 1 0 0 0 6 0 0
fn=close
82 24 1 1 0 0 0 0 0 0
83 6 0 0 6 0 0 0 0 0
fn=open
82 52 1 1 0 0 0 0 0 0
83 13 0 0 13 0 0 0 0 0
84 42 0 0 0 0 0 7 0 0
fn=read
82 20 1 1 0 0 0 0 0 0
83 5 0 0 5 0 0 0 0 0
fn=write
82 12 1 1 6 0 0 0 0 0
fl=/build/buildd/eglibc-2.11.1/io/../sysdeps/unix/sysv/linux/wordsize-64/fxstat.c
fn=_fxstat
36 7 0 0 0 0 0 0 0 0
37 14 2 2 0 0 0 0 0 0
38 42 0 0 0 0 0 0 0 0
42 7 0 0 7 0 0 0 0 0
fl=/build/buildd/eglibc-2.11.1/io/../sysdeps/unix/sysv/linux/wordsize-64/xstat.c
fn=_xstat
36 4 0 0 0 0 0 0 0 0
37 8 1 1 0 0 0 0 0 0
38 36 0 0 3 0 0 3 0 0
42 1 0 0 1 0 0 0 0 0
fl=/build/buildd/eglibc-2.11.1/libio/filedoalloc.c
fn=_IO_file_doallocate
88 4 1 1 0 0 0 2 0 0
103 8 1 1 3 2 1 1 0 0
105 4 0 0 1 0 0 0 0 0
108 9 0 0 0 0 0 0 0 0
110 1 1 1 1 0 0 0 0 0
113 1 0 0 1 0 0 0 0 0
116 3 1 1 1 0 0 0 0 0
117 3 0 0 0 0 0 0 0 0
120 9 1 1 0 0 0 1 0 0
121 5 0 0 0 0 0 1 0 0
123 4 0 0 3 0 0 0 0 0
fl=/build/buildd/eglibc-2.11.1/libio/fileops.c
fn=_IO_do_write@@GLIBC_2.2.5
501 56 2 2 0 0 0 28 0 0
502 33 0 0 0 0 0 0 0 0
504 42 0 0 35 0 0 0 0 0
515 18 1 1 6 0 0 0 0 0
522 24 0 0 12 0 0 0 0 0
530 36 1 1 12 0 0 6 0 0
531 30 1 1 6 0 0 0 0 0
534 24 0 0 6 0 0 18 0 0
535 12 0 0 0 0 0 12 0 0
536 36 1 1 12 0 0 6 0 0
fn=_IO_file_overflow@@GLIBC_2.2.5
837 222 2 2 0 0 0 111 0 0
838 111 0 0 37 0 0 0 0 0
845 218 0 0 72 0 0 0 0 0
848 2 1 1 1 0 0 0 0 0
850 2 1 1 0 0 0 1 0 0
851 6 1 1 2 0 0 3 0 0
860 3 1 1 1 0 0 0 0 0
869 2 0 0 1 0 0 0 0 0
871 1 0 0 0 0 0 1 0 0
872 1 0 0 0 0 0 1 0 0
873 2 0 0 1 0 0 1 0 0
874 3 0 0 1 0 0 2 0 0
876 2 0 0 0 0 0 1 0 0
877 5 1 1 1 0 0 0 0 0
878 4 0 0 0 0 0 1 0 0
880 74 0 0 0 0 0 0 0 0
881 21 1 1 0 0 0 0 0 0
883 60 0 0 30 0 0 0 0 0
886 90 0 0 0 0 0 60 1 1
887 150 0 0 30 0 0 0 0 0
892 30 0 0 0 0 0 0 0 0
893 178 0 0 141 0 0 0 0 0
fn=_IO_file_setbuf@@GLIBC_2.2.5
453 2 1 1 0 0 0 1 0 0
454 3 0 0 0 0 0 1 0 0
457 3 0 0 0 0 0 3 0 0
458 1 1 1 1 0 0 0 0 0
459 3 0 0 0 0 0 3 0 0
462 3 0 0 2 0 0 0 0 0
fn=_IO_file_stat
1233 1 1 1 0 0 0 0 0 0
1235 3 0 0 1 0 0 0 0 0
fn=_IO_file_sync@@GLIBC_2.2.5
899 14 1 1 0 0 0 7 0 0
904 28 1 1 14 1 1 0 0 0
906 7 0 0 7 0 0 0 0 0
907 14 0 0 7 0 0 0 0 0
924 14 0 0 0 0 0 7 0 0
928 14 0 0 14 0 0 0 0 0
fn=_IO_file_write@@GLIBC_2.2.5
1269 48 2 2 0 0 0 24 0 0
1271 36 0 0 0 0 0 0 0 0
1273 12 0 0 6 0 0 0 0 0
1276 24 0 0 6 0 0 6 0 0
1277 12 0 0 0 0 0 0 0 0
1282 6 0 0 0 0 0 0 0 0
1283 18 1 1 0 0 0 0 0 0
1286 18 0 0 6 0 0 0 0 0
1289 36 0 0 30 0 0 0 0 0
fn=_IO_file_xsputn@@GLIBC_2.2.5
1292 132 2 2 0 0 0 0 0 0
1296 180 2 2 0 0 0 108 0 0
1297 18 0 0 0 0 0 0 0 0
1302 54 0 0 0 0 0 0 0 0
1309 72 0 0 18 0 0 0 0 0
1311 51 0 0 34 0 0 0 0 0
1312 68 0 0 0 0 0 0 0 0
1315 363 0 0 0 0 0 0 0 0
1317 497 1 1 162 0 0 0 0 0
1319 24 0 0 0 0 0 0 0 0
1321 6 0 0 0 0 0 0 0 0
1326 5 1 1 2 0 0 0 0 0
1330 97 2 2 0 0 0 0 0 0
1334 34 0 0 0 0 0 0 0 0
1337 25 0 0 0 0 0 10 0 0
1342 5 1 1 0 0 0 0 0 0
1348 60 0 0 0 0 0 0 0 0
1349 72 0 0 18 0 0 18 0 0
1350 24 0 0 0 0 0 12 0 0
1352 51 0 0 0 0 0 0 0 0
1354 51 0 0 0 0 0 0 0 0
1358 42 0 0 14 0 0 7 0 0
1365 14 0 0 14 0 0 0 0 0
1366 42 1 1 0 0 0 0 0 0
1368 21 0 0 0 0 0 0 0 0
1379 14 0 0 0 0 0 0 0 0
1380 6 0 0 0 0 0 1 0 0
1382 36 1 1 0 0 0 0 0 0
1383 144 1 1 126 0 0 0 0 0
fl=/build/buildd/eglibc-2.11.1/libio/genops.c
fn=_IO_cleanup
951 12 0 0 4 0 0 0 0 0
953 21 1 1 4 1 1 0 0 0
962 15 1 1 6 0 0 2 0 0
969 5 0 0 2 0 0 0 0 0
971 2 1 1 0 0 0 1 0 0
973 2 0 0 1 0 0 1 0 0
974 1 0 0 0 0 0 1 0 0
975 2 0 0 1 0 0 1 0 0
976 4 1 1 1 0 0 1 0 0
979 5 0 0 2 0 0 1 0 0
981 2 0 0 0 0 0 0 0 0
982 12 1 1 4 0 0 2 0 0
987 3 1 1 0 0 0 3 0 0
1007 5 1 1 0 0 0 5 0 0
1010 3 0 0 0 0 0 1 0 0
1022 7 0 0 6 0 0 0 0 0
fn=_IO_default_setbuf
562 7 2 2 0 0 0 3 0 0
563 4 0 0 2 0 0 1 0 0
565 2 0 0 0 0 0 0 0 0
567 1 0 0 1 0 0 0 0 0
568 5 0 0 0 0 0 1 0 0
575 3 1 1 0 0 0 3 0 0
576 3 0 0 0 0 0 3 0 0
578 6 0 0 4 0 0 0 0 0
fn=_IO_default_xsputn
452 7 1 1 0 0 0 5 0 0
453 2 0 0 0 0 0 0 0 0
455 4 0 0 0 0 0 0 0 0
460 124 1 1 62 0 0 0 0 0
485 272 1 1 90 0 0 30 0 0
487 30 0 0 0 0 0 0 0 0
488 30 0 0 0 0 0 0 0 0
489 2 1 1 0 0 0 0 0 0
490 6 0 0 6 0 0 0 0 0
fn=_IO_doallocbuf
419 2 1 1 0 0 0 1 0 0
420 2 0 0 1 0 0 0 0 0
422 2 0 0 1 0 0 0 0 0
423 5 0 0 2 1 0 1 0 0
426 2 0 0 2 0 0 0 0 0
fn=_IO_flush_all_lockp
823 8 1 1 0 0 0 6 0 0
829 6 1 1 1 1 1 2 0 0
830 2 0 0 0 0 0 0 0 0
834 2 0 0 1 0 0 0 0 0
835 1 1 1 1 1 1 0 0 0
836 13 0 0 0 0 0 0 0 0
838 3 1 1 0 0 0 3 0 0
842 21 2 2 9 2 2 0 0 0
854 3 0 0 0 0 0 3 0 0
856 6 0 0 0 0 0 0 0 0
863 6 0 0 3 1 1 0 0 0
869 2 1 1 0 0 0 0 0 0
873 9 0 0 7 0 0 0 0 0
fn=_IO_setb
404 10 1 1 0 0 0 4 0 0
405 8 0 0 3 0 0 0 0 0
407 2 0 0 0 0 0 2 0 0
408 2 0 0 0 0 0 2 0 0
409 4 0 0 0 0 0 0 0 0
410 2 1 1 1 0 0 0 0 0
412 1 0 0 1 0 0 0 0 0
413 8 0 0 6 0 0 0 0 0
fl=/build/buildd/eglibc-2.11.1/libio/iofflush.c
fn=fflush
35 12 0 0 0 0 0 6 0 0
36 12 1 1 0 0 0 0 0 0
42 90 2 2 48 1 1 6 0 0
43 36 0 0 12 1 0 6 0 0
47 18 0 0 12 0 0 0 0 0
fl=/build/buildd/eglibc-2.11.1/libio/iofwrite.c
fn=fwrite
37 162 1 1 0 0 0 72 0 0
38 36 1 1 0 0 0 0 0 0
41 36 0 0 0 0 0 0 0 0
43 270 1 1 144 3 3 18 0 0
44 89 1 1 18 1 1 1 0 0
45 162 1 1 36 1 0 18 0 0
51 36 0 0 0 0 0 0 0 0
55 126 0 0 90 0 0 0 0 0
fl=/build/buildd/eglibc-2.11.1/libio/libioP.h
fn=fflush
984 12 0 0 6 0 0 0 0 0
985 66 1 1 24 0 0 12 0 0
fn=fwrite
984 36 1 1 18 0 0 0 0 0
985 216 0 0 72 0 0 36 0 0
fl=/build/buildd/eglibc-2.11.1/locale/newlocale.c
fn=newlocale
46 11 2 2 0 0 0 7 0 0
58 2 0 0 0 0 0 0 0 0
63 2 1 1 0 0 0 0 0 0
66 2 0 0 0 0 0 0 0 0
69 4 1 1 2 0 0 0 0 0
75 7 1 1 2 0 0 1 0 0
76 3 0 0 2 1 1 0 0 0
280 2 0 0 0 0 0 0 0 0
281 9 1 1 7 0 0 0 0 0
fl=/build/buildd/eglibc-2.11.1/locale/uselocale.c
fn=uselocale
32 4 1 1 4 0 0 0 0 0
34 6 1 1 0 0 0 0 0 0
37 4 0 0 0 0 0 0 0 0
38 2 0 0 0 0 0 2 0 0
66 6 0 0 4 2 1 2 0 0
67 6 0 0 4 1 0 2 0 0
69 6 0 0 4 0 0 2 0 0
73 6 1 1 0 0 0 0 0 0
74 2 0 0 2 0 0 0 0 0
fl=/build/buildd/eglibc-2.11.1/malloc/arena.c
fn=ptmalloc_init
380 117 0 0 39 6 5 0 0 0
382 76 0 0 38 22 21 0 0 0
398 38 0 0 0 0 0 0 0 0
410 1 0 0 0 0 0 1 1 1
412 1 0 0 0 0 0 1 0 0
413 1 0 0 0 0 0 1 0 0
414 1 0 0 0 0 0 1 0 0
415 2 1 1 0 0 0 2 0 0
467 5 1 1 0 0 0 4 0 0
475 3 0 0 1 0 0 0 0 0
476 1 1 1 0 0 0 1 0 0
510 1 0 0 0 0 0 1 1 1
511 2 0 0 0 0 0 1 1 1
519 4 0 0 1 0 0 0 0 0
521 8 1 1 2 0 0 1 0 0
525 1 0 0 0 0 0 1 1 1
527 3 1 1 1 1 0 1 1 0
528 12 1 1 2 2 1 6 1 1
539 2 0 0 2 1 1 0 0 0
541 6 1 1 2 2 0 0 0 0
622 2 0 0 0 0 0 0 0 0
627 2 0 0 2 2 1 0 0 0
628 2 1 1 0 0 0 0 0 0
630 1 0 0 0 0 0 1 1 0
631 6 0 0 5 1 0 0 0 0
fl=/build/buildd/eglibc-2.11.1/malloc/hooks.c
fn=malloc_hook_ini
35 2 0 0 0 0 0 1 0 0
36 2 1 1 1 0 0 1 0 0
37 1 0 0 0 0 0 1 0 0
38 2 0 0 0 0 0 0 0 0
39 1 0 0 1 0 0 0 0 0
fl=/build/buildd/eglibc-2.11.1/malloc/malloc.c
fn=_int_free
4762 36 2 2 0 0 0 24 0 0
4777 12 0 0 4 0 0 0 0 0
4783 24 0 0 0 0 0 0 0 0
4796 8 1 1 0 0 0 0 0 0
4809 8 0 0 4 0 0 0 0 0
4820 12 0 0 0 0 0 0 0 0
4821 4 1 1 4 0 0 0 0 0
4822 8 0 0 4 1 0 0 0 0
4849 12 0 0 4 0 0 0 0 0
4852 4 0 0 4 0 0 0 0 0
4853 8 1 1 0 0 0 0 0 0
4873 12 0 0 4 0 0 0 0 0
4879 4 0 0 0 0 0 4 0 0
4880 4 0 0 0 0 0 4 0 0
5053 32 1 1 28 0 0 0 0 0
fn=_int_malloc
2990 5 1 1 1 1 0 1 0 0
3003 2 0 0 1 0 0 0 0 0
3074 2 1 1 0 0 0 1 0 0
3084 2 1 1 0 0 0 1 0 0
3093 5 2 2 0 0 0 1 0 0
3103 3 0 0 1 0 0 0 0 0
3107 3 1 1 0 0 0 0 0 0
3169 6 2 2 1 0 0 0 0 0
3188 7 0 0 2 0 0 1 0 0
3196 2 0 0 0 0 0 0 0 0
3197 6 1 1 2 2 1 3 0 0
3199 4 0 0 2 0 0 0 0 0
3201 2 0 0 2 0 0 0 0 0
3202 2 0 0 0 0 0 0 0 0
3224 2 2 2 1 0 0 0 0 0
3247 2 1 1 1 0 0 0 0 0
3248 1 0 0 0 0 0 1 0 0
3249 3 0 0 1 0 0 1 0 0
3255 2 0 0 1 0 0 0 0 0
3258 6 1 1 2 0 0 0 0 0
3289 2 1 1 0 0 0 0 0 0
3298 5 1 1 0 0 0 1 0 0
3317 1 0 0 0 0 0 0 0 0
3320 2 0 0 0 0 0 0 0 0
3321 3 1 1 2 0 0 0 0 0
3323 3 0 0 0 0 0 0 0 0
3324 4 0 0 2 0 0 2 0 0
3336 3 1 1 1 0 0 0 0 0
3341 2 0 0 2 0 0 0 0 0
3342 2 0 0 0 0 0 0 0 0
3360 2 0 0 1 0 0 1 0 0
3361 4 1 1 0 0 0 1 1 1
3362 1 0 0 1 0 0 0 0 0
3373 2 0 0 1 0 0 0 0 0
3418 3 2 2 2 0 0 0 0 0
3419 1 0 0 0 0 0 1 0 0
3427 4 0 0 2 0 0 0 0 0
3429 1 0 0 0 0 0 0 0 0
3430 1 0 0 0 0 0 1 0 0
3431 9 0 0 0 0 0 1 0 0
3432 3 0 0 0 0 0 1 0 0
3434 1 0 0 0 0 0 0 0 0
4247 90 2 2 0 0 0 60 0 0
4277 80 0 0 0 0 0 0 0 0
4285 20 1 1 10 0 0 0 0 0
4286 27 0 0 0 0 0 0 0 0
4287 18 0 0 0 0 0 0 0 0
4299 9 0 0 9 0 0 0 0 0
4301 18 0 0 0 0 0 0 0 0
4302 6 0 0 1 0 0 0 0 0
4309 2 0 0 1 0 0 1 0 0
4312 1 0 0 0 0 0 0 0 0
4313 3 0 0 1 0 0 0 0 0
4327 18 1 1 0 0 0 0 0 0
4328 27 0 0 0 0 0 9 1 0
4329 45 0 0 9 0 0 0 0 0
4331 27 1 1 9 1 1 0 0 0
4332 2 0 0 0 0 0 0 0 0
4333 7 2 2 2 0 0 3 1 1
4389 36 1 1 9 0 0 0 0 0
4405 18 0 0 0 0 0 9 0 0
4501 18 0 0 0 0 0 0 0 0
4517 18 1 1 0 0 0 0 0 0
4588 18 1 1 9 0 0 0 0 0
4589 27 0 0 0 0 0 0 0 0
4590 18 0 0 0 0 0 0 0 0
4591 18 0 0 9 0 0 0 0 0
4592 36 0 0 0 0 0 0 0 0
4597 36 0 0 0 0 0 0 0 0
4599 108 2 2 0 0 0 0 0 0
4601 108 0 0 27 0 0 0 0 0
4697 18 0 0 9 0 0 0 0 0
4698 27 0 0 9 0 0 0 0 0
4700 18 0 0 9 0 0 0 0 0
4702 8 0 0 0 0 0 0 0 0
4703 8 0 0 0 0 0 8 0 0
4704 88 2 2 0 0 0 8 0 0
4706 32 0 0 0 0 0 8 6 6
4709 8 0 0 0 0 0 0 0 0
4710 32 0 0 8 0 0 0 0 0
4733 2 0 0 1 0 0 0 0 0
4736 36 1 1 0 0 0 9 0 0
4745 7 0 0 1 0 0 0 0 0
4746 3 0 0 0 0 0 0 0 0
4750 90 1 1 70 0 0 0 0 0
fn=free
3692 8 1 1 0 0 0 4 0 0
3697 8 0 0 8 2 0 0 0 0
3698 8 0 0 0 0 0 0 0 0
3703 8 0 0 0 0 0 0 0 0
3706 4 0 0 0 0 0 0 0 0
3709 12 1 1 4 0 0 0 0 0
3724 12 0 0 0 0 0 0 0 0
3736 24 1 1 8 0 0 0 0 0
3738 12 0 0 0 0 0 4 0 0
3739 16 0 0 8 0 0 0 0 0
3741 12 0 0 8 0 0 0 0 0
fn=malloc
3615 66 1 1 0 0 0 44 0 0
3620 22 1 1 22 3 0 0 0 0
3621 22 0 0 0 0 0 0 0 0
3622 2 1 1 1 0 0 0 0 0
3624 20 0 0 20 0 0 0 0 0
3657 90 1 1 20 2 0 0 0 0
3660 40 0 0 0 0 0 10 1 1
3661 20 0 0 0 0 0 0 0 0
3681 40 0 0 20 0 0 0 0 0
3682 90 1 1 10 0 0 0 0 0
3685 75 2 2 54 0 0 0 0 0
fn=malloc_consolidate
2478 255 0 0 0 0 0 0 0 0
2479 3 1 1 0 0 0 0 0 0
2480 382 1 1 0 0 0 254 32 31
2484 3 0 0 0 0 0 0 0 0
2488 3 0 0 1 0 0 1 0 0
2489 2 0 0 0 0 0 1 0 0
2491 2 0 0 0 0 0 1 0 0
5070 2 0 0 0 0 0 0 0 0
5074 8 1 1 0 0 0 6 0 0
5096 2 0 0 1 0 0 0 0 0
5184 8 0 0 7 0 0 0 0 0
fl=/build/buildd/eglibc-2.11.1/malloc/morecore.c
fn=__default_morecore
48 2 1 1 0 0 0 0 0 0
49 2 0 0 0 0 0 2 0 0
50 6 1 1 0 0 0 0 0 0
53 4 0 0 2 0 0 0 0 0
fl=/build/buildd/eglibc-2.11.1/misc/../sysdeps/unix/syscall-template.S
fn=mmap
82 90 3 3 0 0 0 0 0 0
83 18 0 0 18 0 0 0 0 0
fn=mprotect
82 48 1 1 0 0 0 0 0 0
83 12 0 0 12 0 0 0 0 0
fn=munmap
82 4 1 1 0 0 0 0 0 0
83 1 0 0 1 0 0 0 0 0
fl=/build/buildd/eglibc-2.11.1/misc/../sysdeps/unix/sysv/linux/getpagesize.c
fn=getpagesize
29 5 1 1 2 0 0 0 0 0
44 1 0 0 1 0 0 0 0 0
fl=/build/buildd/eglibc-2.11.1/misc/../sysdeps/unix/sysv/linux/x86_64/brk.c
fn=brk
29 2 1 1 0 0 0 0 0 0
32 12 0 0 2 0 0 2 0 0
34 6 0 0 0 0 0 0 0 0
41 4 0 0 2 0 0 0 0 0
fl=/build/buildd/eglibc-2.11.1/misc/init-misc.c
fn=__init_misc
31 4 1 1 0 0 0 2 0 0
32 5 0 0 1 0 0 0 0 0
34 3 1 1 0 0 0 1 0 0
35 2 0 0 0 0 0 0 0 0
38 3 0 0 1 1 0 1 1 0
39 3 0 0 2 0 0 1 0 0
41 4 0 0 3 0 0 0 0 0
fl=/build/buildd/eglibc-2.11.1/misc/sbrk.c
fn=sbrk
35 10 2 2 0 0 0 6 0 0
43 11 0 0 5 2 0 0 0 0
44 7 1 1 1 0 0 1 0 0
47 4 0 0 0 0 0 0 0 0
51 9 0 0 0 0 0 0 0 0
54 1 0 0 0 0 0 1 0 0
58 12 0 0 8 0 0 0 0 0
fl=/build/buildd/eglibc-2.11.1/nptl/../nptl/sysdeps/unix/sysv/linux/register-atfork.c
fn=__linkin_atfork
117 1 1 1 1 1 1 0 0 0
118 3 0 0 0 0 0 1 0 0
119 4 0 0 2 1 0 0 0 0
120 1 0 0 1 0 0 0 0 0
fl=/build/buildd/eglibc-2.11.1/nptl/../nptl/sysdeps/unix/sysv/linux/unregister-atfork.c
fn=__unregister_atfork
29 12 1 1 0 0 0 4 0 0
37 4 0 0 4 0 0 0 0 0
40 20 0 0 0 0 0 0 0 0
41 16 1 1 4 0 0 0 0 0
46 4 0 0 4 0 0 0 0 0
122 8 0 0 8 0 0 0 0 0
fl=/build/buildd/eglibc-2.11.1/posix/../sysdeps/unix/syscall-template.S
fn=uname
82 4 1 1 0 0 0 0 0 0
83 1 0 0 1 0 0 0 0 0
fl=/build/buildd/eglibc-2.11.1/posix/../sysdeps/unix/sysv/linux/_exit.c
fn=_Exit
33 6 2 2 1 1 0 0 0 0
35 2 0 0 0 0 0 0 0 0
fl=/build/buildd/eglibc-2.11.1/setjmp/../sysdeps/x86_64/bsd-_setjmp.S
fn=_setjmp
34 1 1 1 0 0 0 0 0 0
36 1 0 0 0 0 0 0 0 0
fl=/build/buildd/eglibc-2.11.1/setjmp/../sysdeps/x86_64/setjmp.S
fn=__sigsetjmp
26 13 2 2 0 0 0 13 0 0
28 13 0 0 0 0 0 0 0 0
29 26 2 2 13 0 0 0 0 0
30 13 0 0 0 0 0 13 0 0
34 13 0 0 0 0 0 13 0 0
35 13 0 0 0 0 0 13 0 0
36 13 0 0 0 0 0 13 0 0
37 13 0 0 0 0 0 13 1 1
38 13 0 0 0 0 0 0 0 0
40 26 0 0 13 0 0 0 0 0
42 13 0 0 0 0 0 13 0 0
43 13 0 0 13 0 0 0 0 0
45 26 0 0 13 0 0 0 0 0
47 13 1 1 0 0 0 13 0 0
51 12 0 0 0 0 0 0 0 0
52 12 0 0 12 0 0 0 0 0
56 1 0 0 0 0 0 0 0 0
fl=/build/buildd/eglibc-2.11.1/setjmp/sigjmp.c
fn=__sigjmp_save
29 2 0 0 0 0 0 1 0 0
30 4 0 0 0 0 0 1 0 0
35 3 0 0 2 0 0 0 0 0
fl=/build/buildd/eglibc-2.11.1/stdlib/cxa_atexit.c
fn=__cxa_atexit
35 8 0 0 0 0 0 4 0 0
37 12 0 0 0 0 0 0 0 0
41 8 0 0 4 0 0 0 0 0
43 4 0 0 0 0 0 4 0 0
44 4 0 0 0 0 0 4 2 2
45 4 0 0 0 0 0 4 0 0
47 8 0 0 0 0 0 4 0 0
57 28 2 2 0 0 0 12 0 0
59 24 1 1 16 0 0 0 0 0
fn=__new_exitfn
73 8 1 1 0 0 0 4 0 0
79 24 1 1 8 4 2 0 0 0
81 26 2 2 5 1 0 0 0 0
83 12 0 0 4 2 1 0 0 0
84 15 0 0 3 1 0 0 0 0
91 1 0 0 0 0 0 1 0 0
94 6 0 0 0 0 0 0 0 0
98 2 1 1 0 0 0 0 0 0
112 1 0 0 0 0 0 0 0 0
113 2 0 0 0 0 0 1 0 0
119 9 0 0 0 0 0 0 0 0
120 6 0 0 0 0 0 3 0 0
126 4 1 1 0 0 0 4 0 0
127 4 0 0 4 2 1 0 0 0
130 16 0 0 8 0 0 0 0 0
133 12 0 0 8 0 0 0 0 0
fl=/build/buildd/eglibc-2.11.1/stdlib/cxa_finalize.c
fn=__cxa_finalize
31 32 1 1 0 0 0 24 0 0
35 28 1 1 8 0 0 0 0 0
39 57 1 1 4 0 0 0 0 0
44 28 0 0 8 0 0 0 0 0
46 2 0 0 2 0 0 0 0 0
47 2 0 0 2 0 0 0 0 0
49 16 1 1 4 0 0 0 0 0
51 2 0 0 2 1 0 0 0 0
54 4 0 0 2 0 0 0 0 0
56 6 0 0 0 0 0 4 0 0
60 6 0 0 4 0 0 0 0 0
67 28 0 0 8 0 0 0 0 0
71 24 1 1 4 1 1 0 0 0
79 8 1 1 0 0 0 0 0 0
80 8 0 0 0 0 0 0 0 0
82 28 0 0 24 0 0 0 0 0
fl=/build/buildd/eglibc-2.11.1/stdlib/exit.c
fn=exit
42 3 0 0 0 0 0 0 0 0
46 10 0 0 0 0 0 0 0 0
49 13 1 1 1 1 0 7 0 0
50 26 1 1 4 1 0 0 0 0
74 6 1 1 2 0 0 0 0 0
76 4 0 0 2 0 0 0 0 0
78 20 0 0 5 2 0 2 0 0
83 2 0 0 1 0 0 1 0 0
84 2 0 0 0 0 0 0 0 0
91 9 1 1 1 1 1 1 0 0
93 3 0 0 0 0 0 1 0 0
fl=/build/buildd/eglibc-2.11.1/string/../string/memset.c
fn=memset
25 17 0 0 0 0 0 0 0 0
30 14 0 0 0 0 0 0 0 0
32 14 1 1 0 0 0 0 0 0
37 14 0 0 0 0 0 0 0 0
38 21 0 0 0 0 0 0 0 0
39 21 1 1 0 0 0 0 0 0
42 21 0 0 0 0 0 0 0 0
46 14 0 0 0 0 0 0 0 0
54 14 0 0 0 0 0 0 0 0
55 151 0 0 0 0 0 0 0 0
57 61 0 0 0 0 0 61 12 12
58 61 0 0 0 0 0 61 0 0
59 61 0 0 0 0 0 61 0 0
60 61 0 0 0 0 0 61 0 0
61 61 0 0 0 0 0 61 41 41
62 61 0 0 0 0 0 61 10 10
63 61 0 0 0 0 0 61 0 0
64 122 0 0 0 0 0 61 0 0
68 7 1 1 0 0 0 0 0 0
71 14 1 1 0 0 0 0 0 0
72 89 0 0 0 0 0 0 0 0
74 54 0 0 0 0 0 27 3 3
78 7 0 0 0 0 0 0 0 0
82 14 0 0 0 0 0 0 0 0
90 7 0 0 7 0 0 0 0 0
fl=/build/buildd/eglibc-2.11.1/string/../sysdeps/x86_64/cacheinfo.c
fn=handle_amd
312 3 1 1 0 0 0 3 0 0
317 6 0 0 0 0 0 0 0 0
320 6 0 0 0 0 0 0 0 0
323 12 0 0 0 0 0 0 0 0
324 6 0 0 0 0 0 0 0 0
327 6 0 0 0 0 0 0 0 0
329 6 1 1 0 0 0 0 0 0
335 24 1 1 3 1 1 0 0 0
338 3 1 1 0 0 0 0 0 0
351 5 1 1 0 0 0 0 0 0
386 2 1 1 0 0 0 0 0 0
421 1 0 0 0 0 0 0 0 0
424 6 0 0 6 0 0 0 0 0
fn=init_cacheinfo
487 4 1 1 0 0 0 3 0 0
500 3 0 0 1 0 0 0 0 0
501 2 1 1 1 0 0 1 0 0
507 2 0 0 0 0 0 0 0 0
610 2 0 0 0 0 0 0 0 0
612 3 1 1 0 0 0 1 0 0
613 3 0 0 0 0 0 1 0 0
614 3 0 0 0 0 0 1 0 0
617 4 0 0 0 0 0 0 0 0
619 3 0 0 0 0 0 0 0 0
652 2 1 1 0 0 0 0 0 0
654 2 0 0 0 0 0 0 0 0
656 2 0 0 0 0 0 0 0 0
657 2 1 1 0 0 0 1 1 1
662 2 1 1 0 0 0 0 0 0
664 3 1 1 0 0 0 1 0 0
665 1 0 0 0 0 0 1 1 1
668 2 0 0 0 0 0 0 0 0
670 4 0 0 0 0 0 1 0 0
671 1 0 0 0 0 0 1 1 1
673 5 0 0 4 0 0 0 0 0
fl=/build/buildd/eglibc-2.11.1/string/../sysdeps/x86_64/memcpy.S
fn=memcpy
56 58 3 2 0 0 0 0 0 0
58 58 0 0 0 0 0 0 0 0
60 58 0 0 0 0 0 0 0 0
63 57 0 0 0 0 0 0 0 0
64 57 0 0 0 0 0 0 0 0
66 7 1 1 7 0 0 0 0 0
67 7 0 0 0 0 0 7 2 2
69 7 0 0 0 0 0 0 0 0
70 7 0 0 0 0 0 0 0 0
75 57 0 0 0 0 0 0 0 0
76 57 0 0 0 0 0 0 0 0
78 9 0 0 9 0 0 0 0 0
79 9 0 0 0 0 0 9 3 3
81 9 0 0 0 0 0 0 0 0
82 18 0 0 0 0 0 0 0 0
87 57 1 1 0 0 0 0 0 0
88 57 0 0 0 0 0 0 0 0
90 38 0 0 38 0 0 0 0 0
91 38 0 0 0 0 0 38 0 0
93 38 0 0 0 0 0 0 0 0
94 38 0 0 0 0 0 0 0 0
99 57 0 0 0 0 0 0 0 0
100 57 0 0 0 0 0 0 0 0
102 46 0 0 46 0 0 0 0 0
103 46 0 0 0 0 0 46 1 0
105 46 0 0 0 0 0 0 0 0
106 46 0 0 0 0 0 0 0 0
111 57 1 1 0 0 0 0 0 0
112 69 0 0 0 0 0 0 0 0
117 12 0 0 12 0 0 0 0 0
118 12 0 0 12 0 0 0 0 0
119 12 0 0 0 0 0 12 1 1
120 12 0 0 0 0 0 12 0 0
122 12 0 0 0 0 0 0 0 0
124 12 0 0 0 0 0 0 0 0
125 12 0 0 0 0 0 0 0 0
127 12 0 0 0 0 0 0 0 0
135 57 2 1 57 0 0 0 0 0
143 8 0 0 0 0 0 8 0 0
149 8 0 0 0 0 0 0 0 0
151 8 0 0 0 0 0 0 0 0
152 8 0 0 0 0 0 0 0 0
155 1 1 1 0 0 0 0 0 0
156 2 0 0 0 0 0 0 0 0
161 1 0 0 1 0 0 0 0 0
162 1 0 0 0 0 0 1 0 0
164 1 0 0 0 0 0 0 0 0
166 1 0 0 0 0 0 0 0 0
167 1 0 0 0 0 0 0 0 0
169 2 0 0 0 0 0 0 0 0
178 8 1 1 0 0 0 0 0 0
179 8 0 0 0 0 0 0 0 0
182 8 0 0 0 0 0 0 0 0
183 8 0 0 0 0 0 0 0 0
184 8 0 0 0 0 0 0 0 0
189 14 1 1 0 0 0 0 0 0
191 14 0 0 14 1 0 0 0 0
192 14 0 0 14 0 0 0 0 0
193 14 0 0 14 0 0 0 0 0
194 14 1 1 14 0 0 0 0 0
196 14 0 0 0 0 0 14 6 2
197 14 0 0 0 0 0 14 1 1
198 14 0 0 0 0 0 14 2 2
199 14 0 0 0 0 0 14 0 0
201 14 0 0 0 0 0 0 0 0
202 14 0 0 0 0 0 0 0 0
204 14 0 0 0 0 0 0 0 0
206 8 0 0 0 0 0 0 0 0
208 8 0 0 8 4 0 0 0 0
209 8 0 0 8 0 0 0 0 0
210 8 0 0 8 0 0 0 0 0
211 8 0 0 8 0 0 0 0 0
213 8 0 0 0 0 0 8 4 4
214 8 0 0 0 0 0 8 0 0
215 8 0 0 0 0 0 8 0 0
216 8 0 0 0 0 0 8 0 0
218 8 0 0 0 0 0 0 0 0
219 8 1 1 0 0 0 0 0 0
221 10 0 0 0 0 0 0 0 0
226 8 1 1 0 0 0 0 0 0
232 8 0 0 8 0 0 0 0 0
233 8 0 0 0 0 0 0 0 0
235 1 0 0 1 0 0 0 0 0
fn=mempcpy
56 33 2 2 0 0 0 0 0 0
60 33 0 0 0 0 0 0 0 0
63 33 0 0 0 0 0 0 0 0
64 33 0 0 0 0 0 0 0 0
66 15 0 0 15 1 1 0 0 0
67 15 0 0 0 0 0 15 1 1
69 15 0 0 0 0 0 0 0 0
70 15 0 0 0 0 0 0 0 0
75 33 0 0 0 0 0 0 0 0
76 33 0 0 0 0 0 0 0 0
78 24 0 0 24 0 0 0 0 0
79 24 0 0 0 0 0 24 0 0
81 24 0 0 0 0 0 0 0 0
82 24 0 0 0 0 0 0 0 0
87 33 0 0 0 0 0 0 0 0
88 33 0 0 0 0 0 0 0 0
90 20 0 0 20 0 0 0 0 0
91 20 0 0 0 0 0 20 1 1
93 20 0 0 0 0 0 0 0 0
94 20 0 0 0 0 0 0 0 0
99 33 0 0 0 0 0 0 0 0
100 33 0 0 0 0 0 0 0 0
102 21 1 1 21 0 0 0 0 0
103 21 0 0 0 0 0 21 1 1
105 21 0 0 0 0 0 0 0 0
106 42 0 0 0 0 0 0 0 0
111 33 1 1 0 0 0 0 0 0
112 42 0 0 0 0 0 0 0 0
117 9 0 0 9 1 1 0 0 0
118 9 0 0 9 0 0 0 0 0
119 9 0 0 0 0 0 9 2 2
120 9 0 0 0 0 0 9 1 1
122 9 0 0 0 0 0 0 0 0
124 9 0 0 0 0 0 0 0 0
125 9 0 0 0 0 0 0 0 0
127 9 0 0 0 0 0 0 0 0
133 33 0 0 0 0 0 0 0 0
137 33 0 0 33 0 0 0 0 0
149 1 1 1 0 0 0 0 0 0
151 1 0 0 0 0 0 0 0 0
152 1 0 0 0 0 0 0 0 0
178 1 0 0 0 0 0 0 0 0
179 1 0 0 0 0 0 0 0 0
182 1 0 0 0 0 0 0 0 0
183 1 0 0 0 0 0 0 0 0
184 1 0 0 0 0 0 0 0 0
189 1 1 1 0 0 0 0 0 0
191 1 0 0 1 0 0 0 0 0
192 1 0 0 1 0 0 0 0 0
193 1 0 0 1 0 0 0 0 0
194 1 0 0 1 0 0 0 0 0
196 1 0 0 0 0 0 1 0 0
197 1 0 0 0 0 0 1 0 0
198 1 0 0 0 0 0 1 0 0
199 1 0 0 0 0 0 1 0 0
201 1 0 0 0 0 0 0 0 0
202 1 0 0 0 0 0 0 0 0
204 1 0 0 0 0 0 0 0 0
226 1 1 1 0 0 0 0 0 0
228 1 0 0 0 0 0 0 0 0
fl=/build/buildd/eglibc-2.11.1/string/../sysdeps/x86_64/multiarch/../rtld-strlen.S
fn=strlen
29 23 1 1 0 0 0 0 0 0
30 23 0 0 0 0 0 0 0 0
31 23 0 0 0 0 0 0 0 0
32 23 0 0 0 0 0 0 0 0
34 12 0 0 0 0 0 0 0 0
35 12 0 0 0 0 0 0 0 0
37 52 0 0 52 0 0 0 0 0
38 52 0 0 0 0 0 0 0 0
39 51 0 0 0 0 0 0 0 0
40 51 0 0 0 0 0 0 0 0
41 51 0 0 0 0 0 0 0 0
43 44 1 1 0 0 0 0 0 0
48 25 0 0 25 0 0 0 0 0
49 25 0 0 0 0 0 0 0 0
50 25 0 0 0 0 0 0 0 0
51 25 0 0 0 0 0 0 0 0
54 25 0 0 0 0 0 0 0 0
55 20 0 0 0 0 0 0 0 0
56 20 0 0 0 0 0 0 0 0
57 20 0 0 0 0 0 0 0 0
59 20 0 0 0 0 0 0 0 0
62 20 0 0 20 0 0 0 0 0
63 20 0 0 0 0 0 0 0 0
64 20 0 0 0 0 0 0 0 0
65 20 0 0 0 0 0 0 0 0
68 20 0 0 0 0 0 0 0 0
69 14 0 0 0 0 0 0 0 0
70 14 0 0 0 0 0 0 0 0
71 14 1 1 0 0 0 0 0 0
73 14 0 0 0 0 0 0 0 0
76 6 0 0 6 0 0 0 0 0
77 6 0 0 0 0 0 0 0 0
78 6 0 0 0 0 0 0 0 0
79 6 0 0 0 0 0 0 0 0
82 6 0 0 0 0 0 0 0 0
83 4 0 0 0 0 0 0 0 0
84 4 0 0 0 0 0 0 0 0
85 4 0 0 0 0 0 0 0 0
87 4 0 0 0 0 0 0 0 0
90 3 0 0 3 0 0 0 0 0
91 3 0 0 0 0 0 0 0 0
92 3 0 0 0 0 0 0 0 0
93 3 0 0 0 0 0 0 0 0
96 3 0 0 0 0 0 0 0 0
97 3 0 0 0 0 0 0 0 0
98 3 0 0 0 0 0 0 0 0
99 3 0 0 0 0 0 0 0 0
101 3 0 0 0 0 0 0 0 0
104 22 1 1 0 0 0 0 0 0
106 22 0 0 0 0 0 0 0 0
107 22 0 0 0 0 0 0 0 0
108 20 0 0 0 0 0 0 0 0
110 20 0 0 0 0 0 0 0 0
111 20 0 0 0 0 0 0 0 0
112 15 0 0 0 0 0 0 0 0
114 15 0 0 0 0 0 0 0 0
115 15 0 0 0 0 0 0 0 0
116 14 0 0 0 0 0 0 0 0
118 14 0 0 0 0 0 0 0 0
119 14 0 0 0 0 0 0 0 0
120 14 0 0 0 0 0 0 0 0
122 14 0 0 0 0 0 0 0 0
124 14 0 0 0 0 0 0 0 0
125 14 0 0 0 0 0 0 0 0
126 13 0 0 0 0 0 0 0 0
128 13 0 0 0 0 0 0 0 0
129 13 0 0 0 0 0 0 0 0
130 12 0 0 0 0 0 0 0 0
132 12 0 0 0 0 0 0 0 0
133 12 0 0 0 0 0 0 0 0
134 8 0 0 0 0 0 0 0 0
136 23 1 1 0 0 0 0 0 0
137 23 0 0 23 0 0 0 0 0
fl=/build/buildd/eglibc-2.11.1/string/../sysdeps/x86_64/multiarch/../strchr.S
fn=index
26 18 1 1 0 0 0 0 0 0
27 18 0 0 0 0 0 0 0 0
28 18 0 0 0 0 0 0 0 0
29 18 0 0 0 0 0 0 0 0
30 18 0 0 0 0 0 0 0 0
31 18 0 0 0 0 0 0 0 0
32 18 0 0 0 0 0 0 0 0
33 18 0 0 18 5 5 0 0 0
34 18 0 0 0 0 0 0 0 0
35 18 0 0 0 0 0 0 0 0
36 18 0 0 0 0 0 0 0 0
37 18 0 0 0 0 0 0 0 0
38 18 1 1 0 0 0 0 0 0
39 18 0 0 0 0 0 0 0 0
40 18 0 0 0 0 0 0 0 0
41 18 0 0 0 0 0 0 0 0
42 18 0 0 0 0 0 0 0 0
43 18 0 0 0 0 0 0 0 0
44 18 0 0 0 0 0 0 0 0
45 18 0 0 0 0 0 0 0 0
46 18 0 0 0 0 0 0 0 0
48 16 0 0 16 0 0 0 0 0
49 16 0 0 0 0 0 0 0 0
50 16 0 0 0 0 0 0 0 0
51 16 0 0 0 0 0 0 0 0
52 16 0 0 0 0 0 0 0 0
53 16 0 0 0 0 0 0 0 0
54 16 0 0 0 0 0 0 0 0
55 16 0 0 0 0 0 0 0 0
56 16 0 0 0 0 0 0 0 0
58 18 0 0 0 0 0 0 0 0
59 18 0 0 0 0 0 0 0 0
60 1 0 0 0 0 0 0 0 0
61 1 0 0 0 0 0 0 0 0
62 1 0 0 0 0 0 0 0 0
63 1 0 0 0 0 0 0 0 0
64 17 0 0 0 0 0 0 0 0
65 18 0 0 18 0 0 0 0 0
fl=/build/buildd/eglibc-2.11.1/string/../sysdeps/x86_64/multiarch/../strcmp.S
fn=strcmp
63 16882 1 1 16882 71 31 0 0 0
64 16882 0 0 16882 33 11 0 0 0
65 16882 0 0 0 0 0 0 0 0
66 16310 0 0 0 0 0 0 0 0
67 16310 0 0 0 0 0 0 0 0
68 16310 0 0 0 0 0 0 0 0
69 16310 0 0 0 0 0 0 0 0
71 1322 0 0 0 0 0 0 0 0
72 1322 0 0 1322 0 0 0 0 0
74 572 0 0 0 0 0 0 0 0
75 572 0 0 0 0 0 0 0 0
76 572 0 0 0 0 0 0 0 0
77 572 0 0 572 0 0 0 0 0
fl=/build/buildd/eglibc-2.11.1/string/../sysdeps/x86_64/multiarch/../strlen.S
fn=__GI_strlen
26 70 1 1 0 0 0 0 0 0
27 70 0 0 0 0 0 0 0 0
28 70 0 0 0 0 0 0 0 0
29 70 0 0 0 0 0 0 0 0
30 70 0 0 0 0 0 0 0 0
31 70 0 0 70 3 3 0 0 0
32 70 0 0 0 0 0 0 0 0
33 70 0 0 0 0 0 0 0 0
34 70 0 0 0 0 0 0 0 0
35 70 0 0 0 0 0 0 0 0
36 70 0 0 0 0 0 0 0 0
37 70 0 0 0 0 0 0 0 0
39 28 0 0 28 1 1 0 0 0
40 28 0 0 0 0 0 0 0 0
41 28 1 1 0 0 0 0 0 0
42 28 0 0 0 0 0 0 0 0
43 28 0 0 0 0 0 0 0 0
44 28 0 0 0 0 0 0 0 0
46 70 0 0 0 0 0 0 0 0
47 70 0 0 0 0 0 0 0 0
48 70 0 0 0 0 0 0 0 0
49 70 0 0 70 0 0 0 0 0
fl=/build/buildd/eglibc-2.11.1/string/../sysdeps/x86_64/multiarch/../strrchr.S
fn=__GI_strrchr
26 1 1 1 0 0 0 0 0 0
27 1 0 0 0 0 0 0 0 0
28 1 0 0 0 0 0 0 0 0
29 1 0 0 0 0 0 0 0 0
30 1 0 0 0 0 0 0 0 0
31 1 0 0 0 0 0 0 0 0
32 1 0 0 0 0 0 0 0 0
33 1 0 0 1 1 1 0 0 0
34 1 0 0 0 0 0 0 0 0
35 1 0 0 0 0 0 0 0 0
36 1 0 0 0 0 0 0 0 0
37 1 0 0 0 0 0 0 0 0
38 1 1 1 0 0 0 0 0 0
39 1 0 0 0 0 0 0 0 0
40 1 0 0 0 0 0 0 0 0
41 1 0 0 0 0 0 0 0 0
42 1 0 0 0 0 0 0 0 0
43 1 0 0 0 0 0 0 0 0
44 1 0 0 0 0 0 0 0 0
45 1 0 0 0 0 0 0 0 0
46 1 0 0 0 0 0 0 0 0
47 1 0 0 0 0 0 0 0 0
48 1 0 0 0 0 0 0 0 0
50 1 0 0 1 0 0 0 0 0
51 1 0 0 0 0 0 0 0 0
52 1 0 0 0 0 0 0 0 0
53 1 0 0 0 0 0 0 0 0
54 1 0 0 0 0 0 0 0 0
55 1 0 0 0 0 0 0 0 0
56 1 0 0 0 0 0 0 0 0
57 1 0 0 0 0 0 0 0 0
58 1 0 0 0 0 0 0 0 0
59 1 0 0 0 0 0 0 0 0
61 2 1 1 0 0 0 0 0 0
62 2 0 0 0 0 0 0 0 0
63 2 0 0 0 0 0 0 0 0
64 2 0 0 0 0 0 0 0 0
66 1 0 0 0 0 0 0 0 0
67 1 0 0 0 0 0 0 0 0
68 1 0 0 0 0 0 0 0 0
69 1 0 0 0 0 0 0 0 0
71 1 0 0 0 0 0 0 0 0
72 1 0 0 0 0 0 0 0 0
73 1 0 0 0 0 0 0 0 0
74 1 0 0 0 0 0 0 0 0
75 1 0 0 0 0 0 0 0 0
77 1 0 0 1 0 0 0 0 0
fl=/build/buildd/eglibc-2.11.1/string/../sysdeps/x86_64/multiarch/strlen.S
fn=strlen
32 1 1 1 1 1 0 0 0 0
33 1 0 0 0 0 0 0 0 0
35 1 0 0 0 0 0 0 0 0
36 1 0 0 1 0 0 0 0 0
37 1 0 0 0 0 0 0 0 0
39 1 0 0 1 0 0 0 0 0
fl=/build/buildd/eglibc-2.11.1/wcsmbs/./wcsmbsload.h
fn=btowc
72 384 0 0 128 1 0 0 0 0
74 512 1 1 0 0 0 0 0 0
fl=/build/buildd/eglibc-2.11.1/wcsmbs/btowc.c
fn=btowc
35 1536 1 1 0 0 0 1024 0 0
40 1536 1 1 0 0 0 0 0 0
45 512 0 0 0 0 0 0 0 0
49 384 0 0 384 1 0 0 0 0
50 256 0 0 256 1 0 0 0 0
52 512 0 0 128 1 0 0 0 0
57 256 0 0 128 0 0 0 0 0
60 640 0 0 128 0 0 256 0 0
102 1536 2 2 1280 0 0 0 0 0
fl=/build/buildd/eglibc-2.11.1/wcsmbs/wctob.c
fn=wctob
33 896 1 1 0 0 0 640 0 0
42 256 0 0 0 0 0 0 0 0
47 256 0 0 0 0 0 0 0 0
48 128 1 1 0 0 0 0 0 0
85 896 0 0 768 0 0 0 0 0
fl=/build/buildd/eglibc-2.11.1/wctype/wctype_l.c
fn=wctype_l
28 63 1 1 0 0 0 45 0 0
31 18 0 0 0 0 0 9 0 0
34 36 0 0 18 1 0 0 0 0
35 40 0 0 0 0 0 0 0 0
37 98 1 1 0 0 0 49 0 0
39 391 0 0 158 0 0 0 0 0
42 40 0 0 0 0 0 0 0 0
43 80 0 0 40 0 0 0 0 0
48 18 0 0 18 3 1 0 0 0
49 54 0 0 54 0 0 0 0 0
fl=???
fn=???
0 2638 154 145 1618 100 10 404 13 8
fn=Work::Work(unsigned int)
0 54 1 1 24 0 0 24 0 0
fn=Work::operator()()
0 120 0 0 30 0 0 36 0 0
fn=__cxa_guard_acquire
0 24 2 2 10 0 0 6 0 0
fn=__cxa_guard_release
0 5 2 2 2 0 0 2 0 0
fn=__cxxabiv1::__si_class_type_info::__do_dyncast(long, __cxxabiv1::__class_type_info::__sub_kind, __cxxabiv1::__class_type_info const*, void const*, __cxxabiv1::__class_type_info const*, void const*, __cxxabiv1::__class_type_info::__dyncast_result&) const
0 680 2 2 200 0 0 120 0 0
fn=__cxxabiv1::__vmi_class_type_info::__do_dyncast(long, __cxxabiv1::__class_type_info::__sub_kind, __cxxabiv1::__class_type_info const*, void const*, __cxxabiv1::__class_type_info const*, void const*, __cxxabiv1::__class_type_info::__dyncast_result&) const
0 416 7 7 184 1 0 128 0 0
fn=__dynamic_cast
0 2016 4 4 576 12 0 576 0 0
fn=__gnu_cxx::__normal_iterator<std::pair<Work*, unsigned int> const*, std::vector<std::pair<Work*, unsigned int>, std::allocator<std::pair<Work*, unsigned int> > > >::__normal_iterator(std::pair<Work*, unsigned int> const* const&)
0 80 1 1 40 0 0 32 0 0
fn=__gnu_cxx::__normal_iterator<std::pair<Work*, unsigned int> const*, std::vector<std::pair<Work*, unsigned int>, std::allocator<std::pair<Work*, unsigned int> > > >::base() const
0 12 1 1 6 0 0 4 0 0
fn=__gnu_cxx::__normal_iterator<std::pair<Work*, unsigned int> const*, std::vector<std::pair<Work*, unsigned int>, std::allocator<std::pair<Work*, unsigned int> > > >::operator*() const
0 42 0 0 24 0 0 12 0 0
fn=__gnu_cxx::__normal_iterator<std::pair<Work*, unsigned int>*, std::vector<std::pair<Work*, unsigned int>, std::allocator<std::pair<Work*, unsigned int> > > >::__normal_iterator(std::pair<Work*, unsigned int>* const&)
0 880 1 1 440 0 0 352 0 0
fn=__gnu_cxx::__normal_iterator<std::pair<Work*, unsigned int>*, std::vector<std::pair<Work*, unsigned int>, std::allocator<std::pair<Work*, unsigned int> > > >::base() const
0 252 1 1 126 0 0 84 0 0
fn=__gnu_cxx::__normal_iterator<std::pair<Work*, unsigned int>*, std::vector<std::pair<Work*, unsigned int>, std::allocator<std::pair<Work*, unsigned int> > > >::difference_type __gnu_cxx::operator-<std::pair<Work*, unsigned int>*, std::vector<std::pair<Work
0 391 1 1 119 0 0 102 0 0
fn=__gnu_cxx::__normal_iterator<std::pair<Work*, unsigned int>*, std::vector<std::pair<Work*, unsigned int>, std::allocator<std::pair<Work*, unsigned int> > > >::operator*() const
0 504 1 1 288 0 0 144 0 0
fn=__gnu_cxx::__normal_iterator<std::pair<Work*, unsigned int>*, std::vector<std::pair<Work*, unsigned int>, std::allocator<std::pair<Work*, unsigned int> > > >::operator+(long const&) const
0 960 0 0 336 0 0 240 0 0
fn=__gnu_cxx::__normal_iterator<std::pair<Work*, unsigned int>*, std::vector<std::pair<Work*, unsigned int>, std::allocator<std::pair<Work*, unsigned int> > > >::operator-(long const&) const
0 126 1 1 42 0 0 30 0 0
fn=__gnu_cxx::__normal_iterator<std::pair<Work*, unsigned int>*, std::vector<std::pair<Work*, unsigned int>, std::allocator<std::pair<Work*, unsigned int> > > >::operator--()
0 66 1 1 36 0 0 18 0 0
fn=__gnu_cxx::new_allocator<std::pair<Work*, unsigned int> >::allocate(unsigned long, void const*)
0 88 0 0 20 0 0 24 0 0
fn=__gnu_cxx::new_allocator<std::pair<Work*, unsigned int> >::construct(std::pair<Work*, unsigned int>*, std::pair<Work*, unsigned int> const&)
0 120 1 1 36 0 0 42 1 1
fn=__gnu_cxx::new_allocator<std::pair<Work*, unsigned int> >::deallocate(std::pair<Work*, unsigned int>*, unsigned long)
0 44 0 0 12 0 0 20 0 0
fn=__gnu_cxx::new_allocator<std::pair<Work*, unsigned int> >::destroy(std::pair<Work*, unsigned int>*)
0 60 0 0 18 0 0 24 0 0
fn=__gnu_cxx::new_allocator<std::pair<Work*, unsigned int> >::max_size() const
0 72 0 0 24 0 0 24 0 0
fn=__gnu_cxx::new_allocator<std::pair<Work*, unsigned int> >::new_allocator()
0 5 1 1 2 0 0 2 0 0
fn=__gnu_cxx::new_allocator<std::pair<Work*, unsigned int> >::new_allocator(__gnu_cxx::new_allocator<std::pair<Work*, unsigned int> > const&)
0 6 2 2 2 0 0 3 0 0
fn=__gnu_cxx::new_allocator<std::pair<Work*, unsigned int> >::~new_allocator()
0 10 0 0 4 0 0 4 0 0
fn=__gnu_cxx::stdio_sync_filebuf<char, std::char_traits<char> >::sync()
0 6 1 1 3 1 0 0 0 0
fn=__gnu_cxx::stdio_sync_filebuf<char, std::char_traits<char> >::xsputn(char const*, long)
0 90 1 1 18 1 0 0 0 0
fn=__gnu_cxx::stdio_sync_filebuf<wchar_t, std::char_traits<wchar_t> >::sync()
0 6 1 1 3 2 0 0 0 0
fn=__libc_csu_init
0 25 2 2 7 0 0 7 0 0
fn=__static_initialization_and_destruction_0(int, int)
0 18 2 1 4 0 0 5 0 0
fn=bool __gnu_cxx::operator!=<std::pair<Work*, unsigned int> const*, std::vector<std::pair<Work*, unsigned int>, std::allocator<std::pair<Work*, unsigned int> > > >(__gnu_cxx::__normal_iterator<std::pair<Work*, unsigned int> const*, std::vector<std::pair<Wor
0 20 1 1 7 0 0 6 0 0
fn=bool std::has_facet<std::ctype<char> >(std::locale const&)
0 76 2 2 36 2 0 12 0 0
fn=bool std::has_facet<std::ctype<wchar_t> >(std::locale const&)
0 76 2 2 36 0 0 12 0 0
fn=bool std::has_facet<std::num_get<char, std::istreambuf_iterator<char, std::char_traits<char> > > >(std::locale const&)
0 76 1 1 36 0 0 12 0 0
fn=bool std::has_facet<std::num_get<wchar_t, std::istreambuf_iterator<wchar_t, std::char_traits<wchar_t> > > >(std::locale const&)
0 76 1 1 36 0 0 12 0 0
fn=bool std::has_facet<std::num_put<char, std::ostreambuf_iterator<char, std::char_traits<char> > > >(std::locale const&)
0 76 2 2 36 2 0 12 0 0
fn=bool std::has_facet<std::num_put<wchar_t, std::ostreambuf_iterator<wchar_t, std::char_traits<wchar_t> > > >(std::locale const&)
0 76 2 2 36 0 0 12 0 0
fn=global constructors keyed to main
0 7 1 1 2 0 0 2 0 0
fn=main
0 338 6 6 60 3 0 72 0 0
fn=myPrioPolicy::operator()(std::pair<Work*, unsigned int> const&, std::pair<Work*, unsigned int> const&) const
0 195 1 1 90 0 0 60 0 0
fn=operator delete(void*)
0 12 1 1 0 0 0 0 0 0
fn=operator new(unsigned long)
0 150 2 2 30 1 0 30 0 0
fn=operator new(unsigned long, void*)
0 91 0 0 39 0 0 39 0 0
fn=std::_Vector_base<std::pair<Work*, unsigned int>, std::allocator<std::pair<Work*, unsigned int> > >::_M_allocate(unsigned long)
0 74 1 1 23 0 0 19 0 0
fn=std::_Vector_base<std::pair<Work*, unsigned int>, std::allocator<std::pair<Work*, unsigned int> > >::_M_deallocate(std::pair<Work*, unsigned int>*, unsigned long)
0 84 0 0 30 0 0 28 0 0
fn=std::_Vector_base<std::pair<Work*, unsigned int>, std::allocator<std::pair<Work*, unsigned int> > >::_M_get_Tp_allocator()
0 90 1 1 45 0 0 30 0 0
fn=std::_Vector_base<std::pair<Work*, unsigned int>, std::allocator<std::pair<Work*, unsigned int> > >::_M_get_Tp_allocator() const
0 54 1 1 27 0 0 18 1 1
fn=std::_Vector_base<std::pair<Work*, unsigned int>, std::allocator<std::pair<Work*, unsigned int> > >::_Vector_base()
0 9 1 1 3 0 0 3 0 0
fn=std::_Vector_base<std::pair<Work*, unsigned int>, std::allocator<std::pair<Work*, unsigned int> > >::_Vector_base(unsigned long, std::allocator<std::pair<Work*, unsigned int> > const&)
0 36 2 2 16 0 0 11 0 0
fn=std::_Vector_base<std::pair<Work*, unsigned int>, std::allocator<std::pair<Work*, unsigned int> > >::_Vector_impl::_Vector_impl()
0 15 2 2 6 0 0 6 0 0
fn=std::_Vector_base<std::pair<Work*, unsigned int>, std::allocator<std::pair<Work*, unsigned int> > >::_Vector_impl::_Vector_impl(std::allocator<std::pair<Work*, unsigned int> > const&)
0 18 2 2 7 0 0 7 0 0
fn=std::_Vector_base<std::pair<Work*, unsigned int>, std::allocator<std::pair<Work*, unsigned int> > >::_Vector_impl::~_Vector_impl()
0 18 1 1 6 0 0 6 0 0
fn=std::_Vector_base<std::pair<Work*, unsigned int>, std::allocator<std::pair<Work*, unsigned int> > >::~_Vector_base()
0 60 1 1 24 0 0 12 0 0
fn=std::__timepunct<char>::_M_initialize_timepunct(__locale_struct*)
0 107 12 12 6 0 0 52 0 0
fn=std::__timepunct<char>::__timepunct(std::__timepunct_cache<char>*, unsigned long)
0 20 2 2 3 0 0 8 1 1
fn=std::__timepunct<wchar_t>::_M_initialize_timepunct(__locale_struct*)
0 105 12 12 5 0 0 51 0 0
fn=std::__timepunct<wchar_t>::__timepunct(std::__timepunct_cache<wchar_t>*, unsigned long)
0 20 2 2 3 0 0 8 1 1
fn=std::allocator<std::pair<Work*, unsigned int> >::allocator()
0 9 1 1 3 0 0 3 0 0
fn=std::allocator<std::pair<Work*, unsigned int> >::allocator(std::allocator<std::pair<Work*, unsigned int> > const&)
0 12 1 1 4 0 0 4 0 0
fn=std::allocator<std::pair<Work*, unsigned int> >::~allocator()
0 18 0 0 6 0 0 6 0 0
fn=std::basic_ios<char, std::char_traits<char> >::_M_cache_locale(std::locale const&)
0 120 2 2 12 0 0 44 0 0
fn=std::basic_ios<char, std::char_traits<char> >::init(std::basic_streambuf<char, std::char_traits<char> >*)
0 88 3 3 12 0 0 40 0 0
fn=std::basic_ios<wchar_t, std::char_traits<wchar_t> >::_M_cache_locale(std::locale const&)
0 120 2 2 12 0 0 44 0 0
fn=std::basic_ios<wchar_t, std::char_traits<wchar_t> >::init(std::basic_streambuf<wchar_t, std::char_traits<wchar_t> >*)
0 88 2 2 12 0 0 40 0 0
fn=std::basic_ostream<char, std::char_traits<char> >& std::__ostream_insert<char, std::char_traits<char> >(std::basic_ostream<char, std::char_traits<char> >&, char const*, long)
0 588 6 6 252 2 0 120 0 0
fn=std::basic_ostream<char, std::char_traits<char> >& std::operator<< <std::char_traits<char> >(std::basic_ostream<char, std::char_traits<char> >&, char const*)
0 216 2 2 36 0 0 48 0 0
fn=std::basic_ostream<wchar_t, std::char_traits<wchar_t> >::flush()
0 51 2 2 21 10 0 6 0 0
fn=std::codecvt<char, char, __mbstate_t>::codecvt(unsigned long)
0 15 2 2 3 0 0 5 1 1
fn=std::codecvt<wchar_t, char, __mbstate_t>::codecvt(unsigned long)
0 15 2 2 3 0 0 5 1 1
fn=std::ctype<char> const& std::use_facet<std::ctype<char> >(std::locale const&)
0 76 2 2 36 1 0 12 0 0
fn=std::ctype<char>::_M_widen_init() const
0 1311 3 3 521 1 0 262 0 0
fn=std::ctype<char>::ctype(unsigned short const*, bool, unsigned long)
0 108 5 5 8 1 0 83 9 9
fn=std::ctype<char>::do_widen(char const*, char const*, char*) const
0 8 1 1 2 0 0 2 0 0
fn=std::ctype<char>::do_widen(char) const
0 2 1 1 1 0 0 0 0 0
fn=std::ctype<wchar_t> const& std::use_facet<std::ctype<wchar_t> >(std::locale const&)
0 76 2 2 36 0 0 12 0 0
fn=std::ctype<wchar_t>::_M_convert_to_wmask(unsigned short) const
0 148 5 5 12 0 0 0 0 0
fn=std::ctype<wchar_t>::_M_initialize_ctype()
0 2886 4 4 5 0 0 810 20 20
fn=std::ctype<wchar_t>::ctype(unsigned long)
0 18 2 2 3 0 0 7 0 0
fn=std::ios_base::Init::Init()
0 270 33 32 41 6 1 170 16 13
fn=std::ios_base::Init::~Init()
0 24 3 3 10 8 0 7 0 0
fn=std::ios_base::_M_init()
0 144 3 3 24 0 0 64 0 0
fn=std::ios_base::ios_base()
0 464 3 3 8 1 0 216 29 10
fn=std::locale::_Impl::_Impl(unsigned long)
0 810 66 66 133 17 1 406 44 44
fn=std::locale::_Impl::_M_install_facet(std::locale::id const*, std::locale::facet const*)
0 6692 5 5 1960 0 0 224 0 0
fn=std::locale::facet::_S_create_c_locale(__locale_struct*&, char const*, __locale_struct*)
0 9 1 1 2 0 0 3 0 0
fn=std::locale::facet::_S_get_c_locale()
0 72 1 1 41 2 1 11 0 0
fn=std::locale::facet::_S_get_c_name()
0 10 1 1 10 1 0 0 0 0
fn=std::locale::id::_M_id() const
0 702 1 1 264 6 3 56 0 0
fn=std::locale::locale()
0 418 2 2 154 0 0 132 0 0
fn=std::locale::operator=(std::locale const&)
0 152 3 3 64 0 0 24 0 0
fn=std::locale::~locale()
0 96 0 0 40 0 0 16 0 0
fn=std::messages<char>::messages(unsigned long)
0 17 2 2 3 0 0 7 1 1
fn=std::messages<wchar_t>::messages(unsigned long)
0 17 2 2 3 0 0 7 0 0
fn=std::moneypunct<char, false>::_M_initialize_moneypunct(__locale_struct*, char const*)
0 112 5 5 37 1 0 31 0 0
fn=std::moneypunct<char, true>::_M_initialize_moneypunct(__locale_struct*, char const*)
0 112 6 6 37 0 0 31 0 0
fn=std::moneypunct<wchar_t, false>::_M_initialize_moneypunct(__locale_struct*, char const*)
0 101 5 5 26 0 0 31 0 0
fn=std::moneypunct<wchar_t, true>::_M_initialize_moneypunct(__locale_struct*, char const*)
0 101 5 5 26 0 0 31 0 0
fn=std::num_get<char, std::istreambuf_iterator<char, std::char_traits<char> > > const& std::use_facet<std::num_get<char, std::istreambuf_iterator<char, std::char_traits<char> > > >(std::locale const&)
0 76 1 1 36 0 0 12 0 0
fn=std::num_get<wchar_t, std::istreambuf_iterator<wchar_t, std::char_traits<wchar_t> > > const& std::use_facet<std::num_get<wchar_t, std::istreambuf_iterator<wchar_t, std::char_traits<wchar_t> > > >(std::locale const&)
0 76 1 1 36 0 0 12 0 0
fn=std::num_put<char, std::ostreambuf_iterator<char, std::char_traits<char> > > const& std::use_facet<std::num_put<char, std::ostreambuf_iterator<char, std::char_traits<char> > > >(std::locale const&)
0 76 2 2 36 1 0 12 0 0
fn=std::num_put<char, std::ostreambuf_iterator<char, std::char_traits<char> > >::do_put(std::ostreambuf_iterator<char, std::char_traits<char> >, std::ios_base&, char, unsigned long) const
0 54 3 2 12 0 0 24 0 0
fn=std::num_put<wchar_t, std::ostreambuf_iterator<wchar_t, std::char_traits<wchar_t> > > const& std::use_facet<std::num_put<wchar_t, std::ostreambuf_iterator<wchar_t, std::char_traits<wchar_t> > > >(std::locale const&)
0 76 2 2 36 0 0 12 0 0
fn=std::numpunct<char>::_M_initialize_numpunct(__locale_struct*)
0 410 6 6 136 4 2 74 0 0
fn=std::numpunct<wchar_t>::_M_initialize_numpunct(__locale_struct*)
0 345 5 5 72 0 0 74 3 3
fn=std::ostream& std::ostream::_M_insert<unsigned long>(unsigned long)
0 347 7 7 131 3 0 88 0 0
fn=std::ostream::flush()
0 51 2 2 21 5 0 6 0 0
fn=std::ostream::operator<<(unsigned int)
0 12 1 1 0 0 0 0 0 0
fn=std::ostream::sentry::sentry(std::ostream&)
0 378 5 3 126 4 0 90 0 0
fn=std::ostreambuf_iterator<char, std::char_traits<char> > std::num_put<char, std::ostreambuf_iterator<char, std::char_traits<char> > >::_M_insert_int<unsigned long>(std::ostreambuf_iterator<char, std::char_traits<char> >, std::ios_base&, char, unsigned long
0 498 6 6 120 0 0 138 0 0
fn=std::pair<Work*, unsigned int>* std::__uninitialized_copy<false>::uninitialized_copy<__gnu_cxx::__normal_iterator<std::pair<Work*, unsigned int> const*, std::vector<std::pair<Work*, unsigned int>, std::allocator<std::pair<Work*, unsigned int> > > >, std::
0 24 3 3 6 0 0 8 0 0
fn=std::pair<Work*, unsigned int>* std::__uninitialized_copy<false>::uninitialized_copy<std::pair<Work*, unsigned int>*, std::pair<Work*, unsigned int>*>(std::pair<Work*, unsigned int>*, std::pair<Work*, unsigned int>*, std::pair<Work*, unsigned int>*)
0 269 3 2 104 0 0 61 0 0
fn=std::pair<Work*, unsigned int>* std::__uninitialized_copy_a<__gnu_cxx::__normal_iterator<std::pair<Work*, unsigned int> const*, std::vector<std::pair<Work*, unsigned int>, std::allocator<std::pair<Work*, unsigned int> > > >, std::pair<Work*, unsigned int>
0 15 0 0 5 0 0 6 0 0
fn=std::pair<Work*, unsigned int>* std::__uninitialized_copy_a<std::pair<Work*, unsigned int>*, std::pair<Work*, unsigned int>*, std::pair<Work*, unsigned int> >(std::pair<Work*, unsigned int>*, std::pair<Work*, unsigned int>*, std::pair<Work*, unsigned int>
0 120 0 0 40 0 0 48 0 0
fn=std::pair<Work*, unsigned int>* std::__uninitialized_move_a<std::pair<Work*, unsigned int>*, std::pair<Work*, unsigned int>*, std::allocator<std::pair<Work*, unsigned int> > >(std::pair<Work*, unsigned int>*, std::pair<Work*, unsigned int>*, std::pair<Wor
0 152 0 0 56 0 0 56 0 0
fn=std::pair<Work*, unsigned int>* std::uninitialized_copy<__gnu_cxx::__normal_iterator<std::pair<Work*, unsigned int> const*, std::vector<std::pair<Work*, unsigned int>, std::allocator<std::pair<Work*, unsigned int> > > >, std::pair<Work*, unsigned int>*>(_
0 14 0 0 5 0 0 5 0 0
fn=std::pair<Work*, unsigned int>* std::uninitialized_copy<std::pair<Work*, unsigned int>*, std::pair<Work*, unsigned int>*>(std::pair<Work*, unsigned int>*, std::pair<Work*, unsigned int>*, std::pair<Work*, unsigned int>*)
0 112 1 1 40 0 0 40 0 0
fn=std::pair<Work*, unsigned int>::pair()
0 9 0 0 4 0 0 4 0 0
fn=std::pair<Work*, unsigned int>::~pair()
0 30 0 0 12 0 0 12 0 0
fn=std::priority_queue<std::pair<Work*, unsigned int>, std::vector<std::pair<Work*, unsigned int>, std::allocator<std::pair<Work*, unsigned int> > >, myPrioPolicy>::pop()
0 150 0 0 42 0 0 54 0 0
fn=std::priority_queue<std::pair<Work*, unsigned int>, std::vector<std::pair<Work*, unsigned int>, std::allocator<std::pair<Work*, unsigned int> > >, myPrioPolicy>::priority_queue(myPrioPolicy const&, std::vector<std::pair<Work*, unsigned int>, std::allocato
0 30 3 3 8 0 0 11 0 0
fn=std::priority_queue<std::pair<Work*, unsigned int>, std::vector<std::pair<Work*, unsigned int>, std::allocator<std::pair<Work*, unsigned int> > >, myPrioPolicy>::push(std::pair<Work*, unsigned int> const&)
0 168 2 2 48 0 0 60 0 0
fn=std::priority_queue<std::pair<Work*, unsigned int>, std::vector<std::pair<Work*, unsigned int>, std::allocator<std::pair<Work*, unsigned int> > >, myPrioPolicy>::top() const
0 54 0 0 18 0 0 18 0 0
fn=std::priority_queue<std::pair<Work*, unsigned int>, std::vector<std::pair<Work*, unsigned int>, std::allocator<std::pair<Work*, unsigned int> > >, myPrioPolicy>::~priority_queue()
0 9 0 0 3 0 0 3 0 0
fn=std::vector<std::pair<Work*, unsigned int>, std::allocator<std::pair<Work*, unsigned int> > >::_M_check_len(unsigned long, char const*) const
0 208 4 4 56 0 0 56 0 0
fn=std::vector<std::pair<Work*, unsigned int>, std::allocator<std::pair<Work*, unsigned int> > >::_M_insert_aux(__gnu_cxx::__normal_iterator<std::pair<Work*, unsigned int>*, std::vector<std::pair<Work*, unsigned int>, std::allocator<std::pair<Work*, unsigned
0 504 13 11 188 0 0 124 0 0
fn=std::vector<std::pair<Work*, unsigned int>, std::allocator<std::pair<Work*, unsigned int> > >::begin()
0 204 0 0 68 0 0 51 0 0
fn=std::vector<std::pair<Work*, unsigned int>, std::allocator<std::pair<Work*, unsigned int> > >::begin() const
0 105 0 0 35 0 0 28 0 0
fn=std::vector<std::pair<Work*, unsigned int>, std::allocator<std::pair<Work*, unsigned int> > >::end()
0 221 2 2 68 0 0 51 0 0
fn=std::vector<std::pair<Work*, unsigned int>, std::allocator<std::pair<Work*, unsigned int> > >::end() const
0 15 2 2 5 0 0 4 0 0
fn=std::vector<std::pair<Work*, unsigned int>, std::allocator<std::pair<Work*, unsigned int> > >::front() const
0 78 0 0 18 0 0 30 0 0
fn=std::vector<std::pair<Work*, unsigned int>, std::allocator<std::pair<Work*, unsigned int> > >::max_size() const
0 88 2 2 24 0 0 32 0 0
fn=std::vector<std::pair<Work*, unsigned int>, std::allocator<std::pair<Work*, unsigned int> > >::pop_back()
0 102 0 0 48 0 0 24 0 0
fn=std::vector<std::pair<Work*, unsigned int>, std::allocator<std::pair<Work*, unsigned int> > >::push_back(std::pair<Work*, unsigned int> const&)
0 140 2 2 62 0 0 30 0 0
fn=std::vector<std::pair<Work*, unsigned int>, std::allocator<std::pair<Work*, unsigned int> > >::size() const
0 238 1 1 102 0 0 34 0 0
fn=std::vector<std::pair<Work*, unsigned int>, std::allocator<std::pair<Work*, unsigned int> > >::vector()
0 9 1 1 3 0 0 3 0 0
fn=std::vector<std::pair<Work*, unsigned int>, std::allocator<std::pair<Work*, unsigned int> > >::vector(std::vector<std::pair<Work*, unsigned int>, std::allocator<std::pair<Work*, unsigned int> > > const&)
0 47 3 3 14 0 0 14 0 0
fn=std::vector<std::pair<Work*, unsigned int>, std::allocator<std::pair<Work*, unsigned int> > >::~vector()
0 50 1 1 20 0 0 14 0 0
fn=unsigned long const& std::max<unsigned long>(unsigned long const&, unsigned long const&)
0 53 0 0 28 0 0 12 0 0
fn=void std::_Destroy<std::pair<Work*, unsigned int>*, std::pair<Work*, unsigned int> >(std::pair<Work*, unsigned int>*, std::pair<Work*, unsigned int>*, std::allocator<std::pair<Work*, unsigned int> >&)
0 78 0 0 24 0 0 30 0 0
fn=void std::_Destroy<std::pair<Work*, unsigned int>*>(std::pair<Work*, unsigned int>*, std::pair<Work*, unsigned int>*)
0 72 1 1 24 0 0 24 0 0
fn=void std::_Destroy_aux<true>::__destroy<std::pair<Work*, unsigned int>*>(std::pair<Work*, unsigned int>*, std::pair<Work*, unsigned int>*)
0 36 0 0 12 0 0 18 0 0
fn=void std::__adjust_heap<__gnu_cxx::__normal_iterator<std::pair<Work*, unsigned int>*, std::vector<std::pair<Work*, unsigned int>, std::allocator<std::pair<Work*, unsigned int> > > >, long, std::pair<Work*, unsigned int>, myPrioPolicy>(__gnu_cxx::__normal_
0 607 9 9 113 0 0 145 0 0
fn=void std::__pop_heap<__gnu_cxx::__normal_iterator<std::pair<Work*, unsigned int>*, std::vector<std::pair<Work*, unsigned int>, std::allocator<std::pair<Work*, unsigned int> > > >, myPrioPolicy>(__gnu_cxx::__normal_iterator<std::pair<Work*, unsigned int>*,
0 278 2 2 54 0 0 89 0 0
fn=void std::__push_heap<__gnu_cxx::__normal_iterator<std::pair<Work*, unsigned int>*, std::vector<std::pair<Work*, unsigned int>, std::allocator<std::pair<Work*, unsigned int> > > >, long, std::pair<Work*, unsigned int>, myPrioPolicy>(__gnu_cxx::__normal_it
0 896 7 5 88 0 0 228 0 0
fn=void std::make_heap<__gnu_cxx::__normal_iterator<std::pair<Work*, unsigned int>*, std::vector<std::pair<Work*, unsigned int>, std::allocator<std::pair<Work*, unsigned int> > > >, myPrioPolicy>(__gnu_cxx::__normal_iterator<std::pair<Work*, unsigned int>*, 
0 23 2 2 4 0 0 6 0 0
fn=void std::pop_heap<__gnu_cxx::__normal_iterator<std::pair<Work*, unsigned int>*, std::vector<std::pair<Work*, unsigned int>, std::allocator<std::pair<Work*, unsigned int> > > >, myPrioPolicy>(__gnu_cxx::__normal_iterator<std::pair<Work*, unsigned int>*, s
0 120 1 1 36 0 0 42 0 0
fn=void std::push_heap<__gnu_cxx::__normal_iterator<std::pair<Work*, unsigned int>*, std::vector<std::pair<Work*, unsigned int>, std::allocator<std::pair<Work*, unsigned int> > > >, myPrioPolicy>(__gnu_cxx::__normal_iterator<std::pair<Work*, unsigned int>*, 
0 252 3 3 54 0 0 84 0 0
summary: 1468451 1389 1358 358650 8391 5845 122188 1493 1172
