version: 1
creator: callgrind-3.10.1
pid: 17835
cmd:  ./fibonacci_recalc
part: 1


desc: I1 cache: 
desc: D1 cache: 
desc: LL cache: 

desc: Timerange: Basic block 0 - 6278501
desc: Trigger: Program termination

positions: instr line
events: Ir
summary: 65083562


ob=(5) /usr/lib/valgrind/vgpreload_core-amd64-linux.so
fl=(5) ???
fn=(220) 0x00000000000006a0
0x610 0 1
+7 0 1
+7 0 1
+1 0 1
+3 0 1
+3 0 1
+4 0 1
+3 0 1
+4 0 1
+3 0 1
+3 0 1
+26 0 1
+1 0 1
+79 0 1
+7 0 1
+4 0 1
+2 0 1

fn=(408) 0x00000000000005d0
0x5d0 0 1
+7 0 1
+7 0 1
+1 0 1
+3 0 1
+3 0 1
+4 0 1
+23 0 1
+1 0 1

fn=(390) 0x0000000000000660
0x660 0 1
+7 0 1
+2 0 1
+8 0 1
+1 0 1
+3 0 1
+2 0 1
+7 0 1
cob=(3) /usr/lib/libc-2.20.so
cfi=(3) ???
cfn=(402) __cxa_finalize
calls=1 0x366a0 0 
* 0 74
cob=(1) /usr/lib/ld-2.20.so
cfi=(1) ???
cfn=(166) _dl_runtime_resolve
calls=1 0x14e40 0 
* 0 843
* 0 5
+5 0 1
cfn=(408)
calls=1 0x5d0 0 
* 0 9
+5 0 1
+1 0 1
+7 0 1

ob=(6) /usr/lib/libgcc_s.so.1
fl=(6) /build/gcc-multilib/src/gcc-4.9.2/libgcc/config/i386/cpuinfo.c
fn=(246) __cpu_indicator_init
0x2c00 325 1
+2 * 1
+2 * 1
+2 * 1
+2 * 1
+1 * 1
+1 +10 1
+2 -10 1
+4 +9 1
+7 * 1
+2 * 1
+2 * 1
+2 +71 1
+4 * 1
+2 * 1
+1 * 1
+1 * 1
+2 * 1
+2 * 1
+2 * 1
+2 * 1
+1 -67 1
+5 * 1
+5 * 1
+5 * 1
+5 * 1
+2 * 1
+3 * 1
+3 * 1
+3 * 1
+3 * 1
+4 * 1
cfi=(7) /build/gcc-multilib/src/gcc-build/gcc/include/cpuid.h
cfn=(248) __get_cpuid_output
calls=1 0x2bc0 -68 
* * 20
+5 * 1
+2 * 1
+4 * 1
+6 +7 1
+5 -1 1
+5 +3 1
+3 * 1
+6 +6 1
+3 * 1
+3 * 1
+3 * 1
+3 * 1
+5 * 1
cfi=(7)
cfn=(248)
calls=1 0x2bc0 -83 
* * 20
+5 * 1
+2 * 1
+6 +6 1
+4 +2 1
+4 -2 1
+2 +1 1
+2 +2 1
+2 -3 1
+3 +1 1
+3 +2 1
+3 +1 1
+3 -4 1
+3 +1 1
+3 +2 1
+6 +3 1
+7 -2 1
+3 +2 1
+74 +3 1
+3 -7 1
+4 +7 1
+6 +5 1
+3 * 1
+11 179 1
+3 * 1
+3 * 1
+2 * 1
+7 * 1
+4 * 1
+3 * 1
+16 379 1
+4 * 1
+4 * 1
+3 +25 1
+2 -25 1
cfn=(250) get_available_features
calls=1 0x2ab0 251 
* * 75
+5 +1 1
+7 * 1
+6 * 1
+5 -6 1
+2 171 1
+2 * 1
0x2dfd +32 1
+7 * 1
+7 +1 1
+7 * 1

fn=(250)
0x2ab0 251 1
+3 -3 1
+1 +3 1
+4 * 1
+4 +3 1
+3 * 1
+3 * 1
+6 * 1
+4 +2 1
+3 * 1
+3 * 1
+6 * 1
+4 +2 1
+3 * 1
+3 * 1
+6 * 1
+4 +2 1
+3 * 1
+3 * 1
+6 * 1
+4 +2 1
+3 * 1
+3 * 1
+4 * 1
+4 +2 1
+3 * 1
+3 * 1
+6 * 1
+4 +2 1
+3 * 1
+2 * 1
+6 * 1
+4 +2 1
+3 * 1
+3 * 1
+6 * 1
+4 +2 1
+3 * 1
+3 * 1
+6 * 1
+4 +2 1
+3 * 1
+3 * 1
+6 * 1
+4 +3 1
+3 * 1
+2 +3 1
+2 * 1
+5 * 1
+2 +2 1
+3 * 1
+3 * 1
+3 * 1
+4 +6 1
+5 * 1
+2 +2 1
+5 * 1
+2 +2 1
+5 * 1
+2 +3 1
+3 * 1
+3 * 1
+3 * 1
+4 +2 1
+3 * 1
+3 * 1
+6 * 1
+4 +2 1
+3 * 1
+3 * 1
+3 * 1
+4 +3 1
+7 * 1
+4 +1 1
+1 * 1

fl=(7)
fn=(248)
0x2bc0 270 2
fi=(6)
+3 +42 2
+1 * 2
fe=(7)
+3 -42 2
fi=(6)
+7 +42 2
fe=(7)
+3 -60 2
+3 * 2
+2 * 2
+3 +21 2
+2 -1 2
+3 * 2
+2 +3 2
+2 * 2
+2 * 2
+2 * 2
+3 +1 2
+5 -1 2
+3 * 2
fi=(6)
+3 +39 2
+1 * 2
fe=(7)

fl=(8) ???
fn=(252) 0x0000000000002fe0
0x2f50 0 1
+7 0 1
+7 0 1
+1 0 1
+3 0 1
+3 0 1
+4 0 1
+3 0 1
+4 0 1
+3 0 1
+3 0 1
+26 0 1
+1 0 1
+79 0 1
+7 0 1
+4 0 1
+2 0 1

fn=(468) 0x0000000000002fa0
0x2fa0 0 1
+7 0 1
+2 0 1
+8 0 1
+1 0 1
+3 0 1
+2 0 1
+7 0 1
cob=(3)
cfi=(3)
cfn=(402)
calls=1 0x366a0 0 
* 0 74
cob=(1)
cfi=(1)
cfn=(166)
calls=1 0x14e40 0 
* 0 1258
* 0 5
+5 0 1
cfn=(482) 0x0000000000002f10
calls=1 0x2f10 0 
* 0 9
+5 0 1
+1 0 1
+7 0 1

ob=(2) ???
fl=(2) ???
fn=(414) 0x0000000004a24808
0x4a24808 0 1
+4 0 1
+4 0 1

fn=(466) 0x0000000004fa7d64
0x4fa7d64 0 1
+4 0 1
+4 0 1

fn=(340) 0x0000000000400b00
0x400b00 0 1
+4 0 1
+7 0 1
+3 0 1
+7 0 1
+4 0 1

fn=(488) 0x000000000524c998
0x524c998 0 1
+4 0 1
+4 0 1

fn=(242) 0x000000000523c7c0
0x523c7c0 0 1
+4 0 1
+7 0 1
+3 0 1
+7 0 1
+4 0 1

fn=(272) 0x0000000004c7f018
0x4c7f018 0 1
+4 0 1
+7 0 1
+3 0 1
+7 0 1
+4 0 1

fn=(216) 0x0000000004a24570
0x4a24570 0 1
+4 0 1
+7 0 1
+3 0 1
+7 0 1
+4 0 1

fn=(260) 0x0000000004f3a390
0x4f3a390 0 1
+4 0 1
+7 0 1
+3 0 1
+7 0 1
+4 0 1

fn=(388) 0x0000000000402464
0x402464 0 1
+4 0 1
+4 0 1

ob=(6)
fl=(8)
fn=(482)
0x2f10 0 1
+7 0 1
+7 0 1
+1 0 1
+3 0 1
+3 0 1
+4 0 1

ob=(2)
fl=(2)
fn=(446) 0x0000000004cee4d0
0x4cee4d0 0 1
+4 0 1
+4 0 1

ob=(6)
fl=(8)
fn=(482)
0x2f40 0 1
+1 0 1

ob=(7) /usr/lib/libstdc++.so.6.0.20
fl=(9) ???
fn=(316) _GLOBAL__sub_I_bitmap_allocator.cc
0x5bab0 0 1
+7 0 1
+3 0 1
+2 0 1
+3 0 1
+7 0 1
+7 0 1
+8 0 1
+8 0 1
+7 0 1
+3 0 1
+2 0 1
+7 0 1
+3 0 1
+2 0 1
+7 0 1
+3 0 1
+5 0 1
+2 0 1
* 0 10
+2 0 1
+7 0 1
+3 0 1
+2 0 1
+3 0 1
+7 0 1
+7 0 1
+8 0 1
+8 0 1
+7 0 1
+3 0 1
+2 0 1
+7 0 1
+3 0 1
+2 0 1
+7 0 1
+3 0 1
+5 0 1
+2 0 1
* 0 10
+2 0 1
+2 0 1
+3 0 1
+7 0 1
+7 0 1
+3 0 1
+8 0 1
+8 0 1
+5 0 1
+3 0 1
+7 0 1
+7 0 1
+3 0 1
+8 0 1
+8 0 1

fn=(320) _GLOBAL__sub_I_wlocale_inst.cc
0x5bc80 0 1
+7 0 1
+3 0 1
+2 0 1
+3 0 1
+7 0 1
+3 0 1
+2 0 1
+3 0 1
+7 0 1
+3 0 1
+2 0 1
+3 0 1
+7 0 1
+3 0 1
+2 0 1
+3 0 1
+7 0 1
+3 0 1
+2 0 1
+3 0 1
+7 0 1
+3 0 1
+2 0 1
+3 0 1
+7 0 1
+3 0 1
+2 0 1
+3 0 1
+7 0 1
+3 0 1
+2 0 1
+3 0 1
+7 0 1
+3 0 1
+2 0 1
+3 0 1
+7 0 1
+3 0 1
+2 0 1
+3 0 1
+7 0 1
+3 0 1
+2 0 1
+3 0 1
+7 0 1
+3 0 1
+2 0 1
+3 0 1

fn=(324) _GLOBAL__sub_I_system_error.cc
0x5bf70 0 1
+7 0 1
+7 0 1
+7 0 1
+4 0 1
cob=(3)
cfi=(3)
cfn=(310) __cxa_atexit
calls=1 0x36650 0 
* 0 67
* 0 1
+5 0 1
+7 0 1
+7 0 1
+7 0 1
+4 0 1
cob=(3)
cfi=(3)
cfn=(310)
calls=1 0x36650 0 
* 0 67
* 0 1

fn=(276) 0x000000000005c080
0x5bff0 0 1
+7 0 1
+7 0 1
+1 0 1
+3 0 1
+3 0 1
+4 0 1
+3 0 1
+4 0 1
+3 0 1
+3 0 1
+26 0 1
+1 0 1
+79 0 1
+7 0 1
+4 0 1
+2 0 1

fn=(284) _GLOBAL__sub_I_compatibility_thread_c__0x.cc
0x5ba50 0 1
+4 0 1
cfn=(292) std::future_category()
calls=1 0xb98c0 0 
* 0 2895
cob=(1)
cfi=(1)
cfn=(166)
calls=1 0x14e40 0 
* 0 788
* 0 5
+5 0 1
+7 0 1
+3 0 1
+4 0 1

fn=(292)
0xb98c0 0 1
+7 0 1
+17 0 1
+7 0 1
+4 0 1
cfn=(298) __cxa_guard_acquire
calls=1 0x5f220 0 
* 0 33
cob=(1)
cfi=(1)
cfn=(166)
calls=1 0x14e40 0 
* 0 776
* 0 5
+5 0 1
+2 0 1
+2 0 1
+7 0 1
cfn=(304) __cxa_guard_release
calls=1 0x5f3d0 0 
* 0 14
cob=(1)
cfi=(1)
cfn=(166)
calls=1 0x14e40 0 
* 0 752
* 0 5
+5 0 1
+7 0 1
+7 0 1
+7 0 1
cob=(3)
cfi=(3)
cfn=(310)
calls=1 0x36650 0 
* 0 61
cob=(1)
cfi=(1)
cfn=(166)
calls=1 0x14e40 0 
* 0 1228
* 0 5
+5 0 1
+7 0 1
+4 0 1

fn=(426) (anonymous namespace)::system_error_category::~system_error_category()
0xba880 0 1
+7 0 1
+3 0 1
cfn=(432) std::error_category::~error_category()
calls=1 -26 0 
* 0 1
cob=(1)
cfi=(1)
cfn=(166)
calls=1 0x14e40 0 
* 0 820
* 0 5

fn=(432)
0xba870 0 3

fn=(436) (anonymous namespace)::future_error_category::~future_error_category()
0xb9560 0 1
+7 0 1
+3 0 1
cfn=(432)
calls=1 0xba870 0 
* 0 1
* 0 1

fn=(298)
0x5f220 0 1
+2 0 1
+2 0 1
+3 0 1
+2 0 1
+1 0 1
+1 0 1
+4 0 1
+9 0 1
+5 0 1
+2 0 1
+3 0 1
+2 0 1
+6 0 1
+8 0 1
+56 0 1
+5 0 1
+1 0 1
+5 0 1
+9 0 1
+2 0 1
+4 0 1
+1 0 1
+1 0 1
+2 0 1
+2 0 1
+2 0 1
+72 0 1
+3 0 1
+13 0 1
+4 0 1
+2 0 1
+4 0 1

fn=(318) _GLOBAL__sub_I_locale_inst.cc
0x5bbc0 0 1
+7 0 1
+3 0 1
+2 0 1
+3 0 1
+7 0 1
+3 0 1
+2 0 1
+3 0 1
+7 0 1
+3 0 1
+2 0 1
+3 0 1
+7 0 1
+3 0 1
+2 0 1
+3 0 1
+7 0 1
+3 0 1
+2 0 1
+3 0 1
+7 0 1
+3 0 1
+2 0 1
+3 0 1
+7 0 1
+3 0 1
+2 0 1
+3 0 1
+7 0 1
+3 0 1
+2 0 1
+3 0 1
+7 0 1
+3 0 1
+2 0 1
+3 0 1
+7 0 1
+3 0 1
+2 0 1
+3 0 1
+7 0 1
+3 0 1
+2 0 1
+3 0 1
+7 0 1
+3 0 1
+2 0 1
+3 0 1

fn=(322) _GLOBAL__sub_I_parallel_settings.cc
0x5bd40 0 1
+8 0 1
+10 0 1
+10 0 1
+10 0 1
+10 0 1
+10 0 1
+8 0 1
+10 0 1
+10 0 1
+10 0 1
+11 0 1
+10 0 1
+11 0 1
+11 0 1
+11 0 1
+11 0 1
+11 0 1
+11 0 1
+11 0 1
+11 0 1
+11 0 1
+10 0 1
+11 0 1
+11 0 1
+10 0 1
+10 0 1
+11 0 1
+11 0 1
+11 0 1
+11 0 1
+11 0 1
+10 0 1
+10 0 1
+10 0 1
+11 0 1
+11 0 1
+11 0 1
+11 0 1
+11 0 1
+11 0 1
+10 0 1
+10 0 1
+11 0 1
+11 0 1
+11 0 1
+11 0 1
+11 0 1
+11 0 1
+10 0 1
+10 0 1
+11 0 1
+11 0 1
+10 0 1

fn=(434) (anonymous namespace)::generic_error_category::~generic_error_category()
0xba8b0 0 1
+7 0 1
+3 0 1
cfn=(432)
calls=1 -74 0 
* 0 1
* 0 1

fn=(304)
0x5f3d0 0 1
+4 0 1
+9 0 1
+5 0 1
+2 0 1
+8 0 1
+13 0 1
+5 0 1
+9 0 1
+2 0 1
+4 0 1
+51 0 1
+4 0 1
+3 0 1

fn=(314) _GLOBAL__sub_I_eh_alloc.cc
0x5ba70 0 1
+11 0 1
+11 0 1
+11 0 1
+11 0 1
+11 0 1

fn=(416) 0x000000000005c040
0x5c040 0 1
+7 0 1
+2 0 1
+8 0 1
+1 0 1
+3 0 1
+2 0 1
+7 0 1
cob=(3)
cfi=(3)
cfn=(402)
calls=1 0x366a0 0 
* 0 959
cob=(1)
cfi=(1)
cfn=(166)
calls=1 0x14e40 0 
* 0 1258
* 0 5
+5 0 1
cfn=(440) 0x000000000005bfb0
calls=1 0x5bfb0 0 
* 0 9
+5 0 1
+1 0 1
+7 0 1

fn=(440)
0x5bfb0 0 1
+7 0 1
+7 0 1
+1 0 1
+3 0 1
+3 0 1
+4 0 1
+23 0 1
+1 0 1

ob=(8) /home/skramer/c_test/mega_project_pack/fibonacci/src/fibonacci_recalc
fl=(11) /home/skramer/c_test/mega_project_pack/fibonacci/src/fibonacci_recalc_prof.cpp
fn=(358) main
0x400da6 4 1
+1 * 1
+3 * 1
+4 +1 1
+7 * 1
+2 +1 1000
+7 * 1000
+2 +1 100000
+3 * 100000
+5 * 100000
+2 * 100000
cfi=(12) /home/skramer/c_test/mega_project_pack/fibonacci/src/fibonacci_lib/fibonacci.cpp
cfn=(360) getNthFibonacci(int, bool)
calls=100000 +36 * 
* * 63082000
+5 -1 100000
+4 * 100000
+4 * 100000
-4 * 1000
+4 * 1000
+2 -1 1000
+4 * 1000
+7 * 1000
-7 * 1
+7 * 1
+2 +5 1
+5 +1 1
+1 * 1

fl=(10) ???
fn=(338) __libc_csu_init
0x4023f0 0 1
+2 0 1
+2 0 1
+3 0 1
+2 0 1
+2 0 1
+7 0 1
+1 0 1
+7 0 1
+1 0 1
+3 0 1
+3 0 1
+2 0 1
+3 0 1
+4 0 1
+4 0 1
cob=(2)
cfi=(2)
cfn=(340)
calls=1 0x400b00 0 
* 0 6
+5 0 1
+3 0 1
+2 0 1
+8 0 1
+3 0 1
+3 0 1
+3 0 1
cfn=(344) 0x0000000000400d80
calls=1 0x400d80 0 
* 0 16
+4 0 1
+4 0 1
+3 0 1
+2 0 1
+4 0 1
+1 0 1
+1 0 1
+2 0 1
+2 0 1
+2 0 1
+2 0 1

fn=(382) 0x0000000000400ce0
0x400ce0 0 1
+5 0 1
+1 0 1
+6 0 1
+4 0 1
+3 0 1
+29 0 1
+1 0 1

fn=(344)
0x400d20 0 1
+5 0 1
+1 0 1
+7 0 1
+4 0 1
+3 0 1
+3 0 1
+4 0 1
+3 0 1
+3 0 1
+23 0 1
+1 0 1
+39 0 1
+5 0 1
+4 0 1
+2 0 1

fn=(378) 0x0000000000400d60
0x400d60 0 1
+7 0 1
+2 0 1
+1 0 1
+3 0 1
cfn=(382)
calls=1 0x400ce0 0 
* 0 8
+5 0 1
+1 0 1
+7 0 1

fn=(328) 0x0000000000400cb0
0x400cb0 0 1
+2 0 1
+3 0 1
+1 0 1
+3 0 1
+4 0 1
+1 0 1
+1 0 1
+7 0 1
+7 0 1
+7 0 1
cob=(3)
cfi=(3)
cfn=(336) (below main)
calls=1 0x1ff50 0 
* 0 63796512
cob=(1)
cfi=(1)
cfn=(166)
calls=1 0x14e40 0 
* 0 1295
* 0 5

fl=(12)
fn=(360)
0x400dee 7 100000
+1 * 100000
+3 * 100000
+2 * 100000
+1 * 100000
+4 * 100000
+3 * 100000
+2 * 100000
+3 +2 100000
+4 * 100000
0x400e6e +4 100000
+4 * 100000
+2 +2 1000
+5 * 1000
+2 +3 99000
+4 * 99000
+2 * 99000
+3 * 99000
+2 * 99000
cfn=(362) countNthFibonacci(int)
calls=99000 0x40107f +22 
* * 60786000
+5 * 99000
+65 +1 100000
+4 * 100000
+1 * 100000
+2 * 100000
+1 * 100000

fn=(362)
0x40107f 40 99000
+1 * 99000
+3 * 99000
+3 +1 99000
+7 * 99000
+7 * 99000
+7 +2 99000
+7 * 99000
+2 +1 4950000
+3 * 4950000
+3 * 4950000
+2 * 4950000
+3 +1 4950000
+3 * 4950000
+3 +1 4950000
+3 * 4950000
+3 -3 4950000
+4 * 4950000
+3 * 4950000
+3 * 4950000
-6 * 99000
+3 * 99000
+3 * 99000
+2 +6 99000
+3 +1 99000
+1 * 99000

ob=(1)
fl=(1)
fn=(14) dl_main
0x1990 0 1
+1 0 1
+7 0 1
+3 0 1
+2 0 1
+2 0 1
+2 0 1
+2 0 1
+3 0 1
+1 0 1
+5 0 1
+3 0 1
+3 0 1
+7 0 1
+7 0 1
+7 0 1
+6 0 1
+11 0 1
+7 0 1
+7 0 1
+7 0 1
+7 0 1
+7 0 1
+7 0 1
+7 0 1
+7 0 1
+4 0 1
+7 0 1
+2 0 1
+4 0 1
+7 0 1
+2 0 1
+3 0 1
+7 0 1
+4 0 1
+7 0 1
+4 0 1
+7 0 1
+7 0 1
cfn=(16) _dl_next_ld_env_entry
calls=1 0x168d0 0 
* 0 358
-7 0 1
+7 0 1
cfn=(16)
calls=1 0x168d0 0 
* 0 7
+5 0 2
+3 0 2
+3 0 2
+6 0 1
+3 0 1
+3 0 1
+2 0 1
+2 0 1
+2 0 1
+10 0 6
+2 0 6
+2 0 7
+4 0 7
+5 0 7
+3 0 7
+2 0 1
+3 0 1
+2 0 1
+4 0 1
+4 0 1
+2 0 1
+7 0 1
+4 0 1
+3 0 1
0x1d20 0 1
+7 0 1
+5 0 1
+3 0 1
cfn=(18) bcmp
calls=1 0x19130 0 
* 0 27
+5 0 1
+2 0 1
0x1de0 0 1
+6 0 1
+2 0 1
+6 0 1
+7 0 1
+3 0 1
0x1ecf 0 1
+7 0 1
+4 0 1
0x20d2 0 1
+7 0 1
+3 0 1
+2 0 1
+2 0 1
+6 0 1
+3 0 1
cfn=(20) _dl_new_object
calls=1 0xaed0 0 
* 0 244
+5 0 1
+3 0 1
+3 0 1
+6 0 1
+7 0 1
+7 0 1
+2 0 1
+3 0 1
+8 0 1
+4 0 1
+7 0 1
cfn=(36) _dl_add_to_namespace_list
calls=1 0xae30 0 
* 0 34
+5 0 1
+7 0 1
+6 0 1
+3 0 1
+6 0 1
+8 0 1
+11 0 1
+11 0 1
+11 0 1
+8 0 1
+4 0 1
+3 0 1
+3 0 1
+3 0 1
+3 0 1
+6 0 1
+7 0 1
+3 0 1
+3 0 1
+3 0 1
+2 0 5
+3 0 5
+6 0 4
+3 0 4
+6 0 3
+3 0 3
+6 0 8
+4 0 8
+3 0 8
+6 0 8
+2 0 8
+3 0 8
+6 0 7
+2 0 2
+6 0 2
+6 0 1
+6 0 1
+6 0 1
+3 0 1
0x224e 0 1
+7 0 1
+7 0 1
+7 0 1
+3 0 1
+12 0 1
+3 0 1
+13 0 1
+3 0 1
+13 0 1
+8 0 1
+6 0 1
+7 0 1
+3 0 1
+2 0 1
+4 0 1
+7 0 1
+7 0 1
+4 0 1
+3 0 1
+7 0 1
+3 0 1
cfn=(42) strcmp
calls=1 0x18aa0 0 
* 0 7
+5 0 1
+2 0 1
+7 0 1
+2 0 1
+11 0 1
+5 0 1
+7 0 1
+10 0 1
+6 0 1
+7 0 1
+4 0 1
+7 0 1
+6 0 1
+3 0 1
+6 0 1
+4 0 1
+3 0 1
+6 0 1
+3 0 1
+4 0 1
+3 0 1
+6 0 1
+6 0 1
+6 0 1
+6 0 1
+10 0 1
+10 0 1
+6 0 1
+5 0 1
+2 0 3
+3 0 3
+3 0 3
+3 0 3
+4 0 3
+4 0 3
+3 0 3
+3 0 3
-14 0 22
+4 0 22
+4 0 22
+3 0 22
+3 0 22
-10 0 1
+4 0 1
+3 0 1
+3 0 1
+2 0 26
+4 0 26
+2 0 4
+3 0 4
+3 0 4
+4 0 4
+2 0 1
+3 0 1
+2 0 1
+3 0 1
+27 0 1
+3 0 1
+3 0 1
0x243e 0 1
+7 0 1
+3 0 1
+2 0 1
+5 0 1
+6 0 1
+5 0 1
+2 0 1
+7 0 1
+5 0 1
+6 0 1
+7 0 1
+3 0 1
+49 0 1
+7 0 1
+3 0 1
+47 0 1
+8 0 1
+13 0 1
+3 0 1
cfn=(4) _dl_setup_hash
calls=1 0xad80 0 
* 0 23
+5 0 1
+2 0 1
+4 0 1
+7 0 1
+6 0 1
+8 0 1
0x29fa 0 1
cfn=(44) _dl_discover_osversion
calls=1 0x16700 0 
* 0 93
+5 0 1
+2 0 1
+6 0 1
+6 0 1
+2 0 1
+6 0 1
+6 0 1
+5 0 1
+47 0 1
+3 0 1
+4 0 1
+3 0 1
+32 0 1
+3 0 1
+6 0 1
+78 0 2
+4 0 2
+3 0 2
+3 0 2
+3 0 2
+3 0 2
+7 0 2
+2 0 1
+7 0 1
+4 0 1
+3 0 1
+7 0 1
-14 0 1
+4 0 1
+3 0 1
+7 0 1
+2 0 2
+7 0 2
+4 0 2
+6 0 1
+7 0 1
+6 0 1
+7 0 1
+5 0 1
+7 0 1
+3 0 1
+4 0 1
+6 0 1
+7 0 1
+2 0 1
+8 0 1
+7 0 1
+82 0 1
+3 0 1
+4 0 1
+4 0 1
+59 0 1
+3 0 1
+3 0 1
+4 0 1
+56 0 1
+3 0 1
+3 0 1
+4 0 1
+6 0 1
+3 0 1
+4 0 1
+4 0 1
0x2cf6 0 1
+7 0 1
+5 0 1
+3 0 1
cfn=(18)
calls=1 0x19130 0 
* 0 87
+5 0 1
+2 0 1
+2 0 1
+4 0 1
+7 0 1
0x2e18 0 1
+7 0 1
cfn=(48) _dl_init_paths
calls=1 0x7fc0 0 
* 0 479
+5 0 1
+7 0 1
+2 0 1
cfn=(54) _dl_debug_initialize
calls=1 0xfa60 0 
* 0 17
+5 0 1
+8 0 1
+3 0 1
+7 0 1
+2 0 1
+7 0 1
+3 0 1
+7 0 1
+7 0 1
+7 0 1
+3 0 1
+3 0 1
+6 0 1
+7 0 1
+4 0 1
+8 0 1
+8 0 1
+7 0 1
+2 0 1
+2 0 1
+4 0 1
+3 0 1
+3 0 1
+7 0 1
+8 0 1
+6 0 1
+8 0 1
+6 0 1
+7 0 1
+7 0 1
+7 0 1
+8 0 1
+3 0 1
+7 0 1
+4 0 1
+7 0 1
+3 0 1
+5 0 1
+2 0 1
+3 0 1
+2 0 1
+3 0 1
+4 0 1
+4 0 1
+6 0 1
+2 0 1
+4 0 1
+7 0 1
+4 0 1
+7 0 1
+8 0 1
+14 0 1
+7 0 1
+11 0 1
+3 0 1
+6 0 1
cfn=(56) _dl_count_modids
calls=1 0x11aa0 0 
* 0 4
+5 0 1
+7 0 1
+7 0 1
+3 0 1
+2 0 1
+4 0 1
+7 0 1
+3 0 1
+6 0 1
+8 0 1
cfn=(58) _dl_debug_state
calls=1 0xfa50 0 
* 0 1
+5 0 1
+7 0 1
+3 0 1
+6 0 1
+7 0 1
+4 0 1
+6 0 1
+7 0 1
+10 0 1
+3 0 1
+6 0 1
+7 0 1
+5 0 1
cfn=(100) access
calls=1 0x183a0 0 
* 0 9
+5 0 1
+2 0 1
+6 0 1
+7 0 1
+2 0 1
+3 0 1
+3 0 1
+6 0 1
+2 0 1
+2 0 1
+4 0 1
+3 0 1
+3 0 1
+3 0 1
+3 0 1
+3 0 1
+6 0 1
+4 0 1
+3 0 1
+3 0 1
cfn=(102) _dl_map_object_deps
calls=1 0xcbc0 0 
* 0 29450
+5 0 1
+2 0 1
+7 0 1
+4 0 1
+2 0 1
+3 0 1
+3 0 1
+7 0 1
+2 0 1
+6 0 1
+7 0 1
+2 0 1
+3 0 1
+3 0 1
+4 0 1
+7 0 1
+2 0 1
-19 0 6
+3 0 6
+3 0 6
+4 0 6
+7 0 6
+2 0 6
+2 0 1
+7 0 1
+7 0 1
+4 0 1
+7 0 1
+3 0 1
+2 0 1
+4 0 1
+3 0 1
+2 0 1
+7 0 1
+7 0 1
+4 0 1
+6 0 1
+4 0 1
+5 0 1
+9 0 5
+4 0 5
+4 0 5
+6 0 5
+3 0 5
+2 0 5
0x352d 0 1
+6 0 1
+8 0 1
+4 0 1
+4 0 1
+3 0 1
+2 0 1
+5 0 1
+4 0 1
+3 0 1
+2 0 1
+3 0 1
+4 0 1
+4 0 1
+3 0 1
+2 0 1
+6 0 1
+37 0 1
+3 0 1
+4 0 1
+8 0 1
+4 0 1
+7 0 1
+6 0 1
+3 0 1
+2 0 1
+2 0 1
+6 0 1
+7 0 1
+7 0 1
+4 0 1
+3 0 1
+26 0 1
+3 0 1
+6 0 1
+7 0 1
+4 0 1
+7 0 1
+3 0 1
+34 0 1
+4 0 1
+2 0 1
+7 0 1
+2 0 1
+7 0 1
+4 0 1
+3 0 1
+3 0 1
+3 0 1
cfn=(114) _dl_receive_error
calls=1 0xf150 0 
* 0 12106
+5 0 1
+7 0 1
+8 0 1
+6 0 1
+2 0 1
cfn=(124) init_tls
calls=1 0xc4a 0 
* 0 681
+5 0 1
+7 0 1
+8 0 1
+2 0 1
+7 0 1
+3 0 1
+2 0 1
+9 0 1
+7 0 1
+3 0 1
+2 0 1
+4 0 1
+9 0 1
+7 0 1
+11 0 1
+8 0 1
+6 0 1
+7 0 1
+3 0 1
0x38b3 0 1
+7 0 1
+6 0 1
+8 0 1
+6 0 1
+8 0 1
+7 0 1
cfn=(202) _dl_allocate_tls_init
calls=1 0x11e40 0 
* 0 320
+5 0 1
+7 0 1
+36 0 1
+7 0 1
+7 0 1
+6 0 1
+6 0 1
+2 0 1
+2 0 1
+7 0 1
+4 0 1
+7 0 1
+2 0 1
+3 0 1
+2 0 1
+2 0 1
+3 0 1
+7 0 1
cfn=(132) _dl_relocate_object
calls=1 0xb540 0 
* 0 7873
+5 0 1
+2 0 1
+4 0 1
+2 0 1
+3 0 1
+3 0 1
+7 0 1
cfn=(204) _dl_sysdep_start_cleanup
calls=1 0x16540 0 
* 0 1
+5 0 1
+6 0 1
+2 0 1
+6 0 1
+2 0 1
+2 0 1
cfn=(54)
calls=1 0xfa60 0 
* 0 8
+5 0 1
+7 0 1
cfn=(58)
calls=1 0xfa50 0 
* 0 1
+5 0 1
cfn=(206) _dl_unload_cache
calls=1 0x16250 0 
* 0 15
+5 0 1
+4 0 1
+1 0 1
+2 0 1
+2 0 1
+2 0 1
+2 0 1
+1 0 1
0x3ef9 0 1
+3 0 1
+8 0 1
+4 0 1
+7 0 1
+2 0 1
+2 0 1
+4 0 1
+7 0 1
+3 0 1
+7 0 1
+7 0 1
+3 0 1
+6 0 7
+7 0 7
+2 0 7
+4 0 7
+5 0 7
+4 0 7
+3 0 7
+6 0 7
+9 0 7
+3 0 7
+2 0 6
+6 0 6
+8 0 6
+2 0 6
+3 0 6
+2 0 6
+3 0 6
+3 0 6
cfn=(132)
calls=6 0xb540 0 
* 0 1221233
+5 0 7
+9 0 7
+2 0 2
+7 0 2
+6 0 7
+3 0 7
+3 0 7
-3 0 1
+3 0 1
+2 0 1
+2 0 1
+4 0 1
+2 0 1
+2 0 1
+3 0 1
+7 0 1
+8 0 1
+7 0 1
+37 0 1
+7 0 1
+7 0 1
+7 0 1
+7 0 1
+7 0 1
+7 0 1
+7 0 1
+7 0 1
+7 0 1
+58 0 1
+7 0 1
+4 0 1
+3 0 1
+8 0 2
+3 0 2
cfn=(156) _dl_add_to_slotinfo
calls=2 0x125b0 0 
* 0 40
+5 0 2
0x41af 0 1
+7 0 1
0x450e 0 1
+7 0 1
+7 0 1
0x45c1 0 1
+3 0 1
cfn=(10) strlen
calls=1 0x18ad0 0 
* 0 98
+5 0 1
+4 0 1
+4 0 1
+3 0 1
+4 0 1
+3 0 1
+5 0 1
+4 0 1
+3 0 1
cfn=(34) memcpy
calls=1 0x199f0 0 
* 0 85
+5 0 1
+4 0 1
+2 0 1
+4 0 1
+2 0 1
+4 0 1
+3 0 1
+3 0 1
+7 0 1
+3 0 1
cfn=(60) strsep
calls=1 0x16f60 0 
* 0 908
-10 0 1
+7 0 1
+3 0 1
cfn=(60)
calls=1 0x16f60 0 
* 0 7
+5 0 2
+3 0 2
+3 0 2
+2 0 1
+5 0 1
+2 0 1
+7 0 1
+3 0 1
+2 0 1
+7 0 1
+3 0 1
+3 0 1
cfn=(62) do_preload
calls=1 0xbc0 0 
* 0 2585
+5 0 1
+6 0 1
+69 0 1
+2 0 1
+7 0 1
+4 0 1
+2 0 1
+3 0 1
+3 0 1
+3 0 1
+7 0 1

fn=(20)
0xaed0 0 6
+2 0 6
+2 0 6
+2 0 6
+2 0 6
+3 0 6
+1 0 6
+1 0 6
+3 0 6
+4 0 6
+5 0 6
+3 0 6
+4 0 6
+5 0 6
+5 0 6
cfn=(10)
calls=6 0x18ad0 0 
* 0 313
+5 0 6
+7 0 6
+3 0 6
+4 0 6
+3 0 6
+16 0 6
+8 0 6
+5 0 6
+5 0 6
cfn=(24) calloc
calls=6 0x16aa0 0 
* 0 282
* 0 6
+5 0 6
+3 0 6
+3 0 6
+6 0 6
+8 0 6
+5 0 6
+5 0 6
+4 0 6
+4 0 6
+7 0 6
+4 0 6
+4 0 6
cfn=(34)
calls=6 0x199f0 0 
* 0 169
+5 0 6
+4 0 6
+3 0 6
+5 0 6
+7 0 6
+5 0 6
+3 0 6
+4 0 6
+8 0 6
+3 0 6
+4 0 6
+3 0 6
+2 0 6
+7 0 6
+7 0 6
+6 0 6
+3 0 6
+7 0 6
+4 0 6
+2 0 1
+4 0 1
+2 0 1
+4 0 1
+4 0 1
+10 0 1
+8 0 1
+4 0 1
+3 0 1
-15 0 15
+8 0 15
+4 0 15
+3 0 15
+2 0 6
+5 0 6
+7 0 6
+7 0 6
+11 0 6
+4 0 6
+7 0 6
+4 0 6
+3 0 6
+6 0 5
+6 0 5
+3 0 5
+7 0 5
+6 0 5
+5 0 5
+9 0 5
+8 0 5
+3 0 5
+2 0 5
+2 0 5
+3 0 5
+6 0 5
+7 0 5
+7 0 5
+7 0 5
+3 0 5
+32 0 1
+4 0 1
+4 0 1
+5 0 1
+7 0 1
+3 0 1
+3 0 1
+2 0 1
-20 0 5
+5 0 5
+7 0 5
+3 0 5
+3 0 5
+2 0 5
+6 0 5
+5 0 5
+2 0 5
cfn=(10)
calls=5 0x18ad0 0 
* 0 268
+5 0 5
+3 0 5
+4 0 5
+3 0 5
+5 0 5
+3 0 5
+2 0 5
+91 0 5
+7 0 5
+3 0 5
+4 0 5
+1 0 5
+1 0 5
+2 0 5
+2 0 5
+2 0 5
+2 0 5
-14 0 1
+4 0 1
+1 0 1
+1 0 1
+2 0 1
+2 0 1
+2 0 1
+2 0 1
+8 0 6
+4 0 6
+5 0 6
+3 0 6
+3 0 6
+3 0 6
+6 0 6
+2 0 6
+5 0 6
+4 0 6
+20 0 1
+2 0 1
+5 0 1
+6 0 1
+12 0 6
+11 0 6
+37 0 1
+7 0 1
+2 0 1
+3 0 1
+3 0 1
+6 0 1
+29 0 5
+5 0 5
+5 0 5
cfn=(52) mempcpy
calls=5 0x197c0 0 
* 0 170
+5 0 5
+7 0 79
+3 0 79
+4 0 79
+4 0 79
-8 0 5
+4 0 5
+4 0 5
+2 0 5
+3 0 5
+4 0 5
+3 0 5
+17 0 5
+3 0 5
cfn=(28) malloc
calls=5 0x16a90 0 
* 0 145
* 0 5
+5 0 5
+3 0 5
+3 0 5
+2 0 5
+3 0 5

fn=(34)
0x199f0 0 24
+4 0 24
+3 0 24
+2 0 24
+3 0 24
+2 0 6
+3 0 6
+2 0 6
+3 0 6
+3 0 6
+3 0 6
-3 0 18
+3 0 18
+2 0 8
+3 0 8
+3 0 8
+4 0 8
+4 0 8
+4 0 8
+3 0 8
-3 0 16
+3 0 16
+2 0 3
+2 0 3
+2 0 3
+4 0 3
+4 0 3
+3 0 3
-3 0 21
+3 0 21
+2 0 12
+3 0 12
+3 0 12
+4 0 12
+4 0 12
+6 0 12
-6 0 12
+6 0 12
+2 0 14
+4 0 14
+3 0 14
+4 0 14
+3 0 14
+4 0 14
+3 0 14
+4 0 14
+4 0 14
+2 0 24
+5 0 6
+5 0 6
+2 0 6
+3 0 6
+2 0 1
+5 0 1
+3 0 1
+12 0 1
+3 0 1
+2 0 1
+2 0 1
+4 0 1
+4 0 1
-15 0 4
+3 0 4
+2 0 4
+2 0 4
+4 0 4
+4 0 4
+2 0 1
+15 0 1
+7 0 1
-7 0 5
+7 0 5
+2 0 6
+2 0 6
+3 0 6
+2 0 6
+2 0 6
+3 0 6
+4 0 6
+4 0 6
+4 0 6
+3 0 6
+4 0 6
+4 0 6
+4 0 6
+4 0 6
+4 0 6
+56 0 6
+3 0 6
+5 0 6

fn=(56)
0x11aa0 0 1
+7 0 1
+2 0 1
+7 0 1

fn=(58)
0xfa50 0 2

fn=(68) __sigsetjmp
0x18580 0 12
+3 0 12
+3 0 12
+7 0 12
+4 0 12
+4 0 12
+4 0 12
+4 0 12
+4 0 12
+4 0 12
+5 0 12
+7 0 12
+4 0 12
+4 0 12
+4 0 12
+7 0 12
+4 0 12
+4 0 12
+2 0 12

fn=(112) _dl_next_tls_modid
0x119a0 0 2
+4 0 2
+7 0 2
+2 0 2
+7 0 2
+4 0 2
+7 0 2
+4 0 2

fn=(154) _dl_protect_relro
0xb410 0 5
+7 0 5
+3 0 5
+3 0 5
+7 0 5
+3 0 5
+3 0 5
+3 0 5
+7 0 5
+3 0 5
+3 0 5
+2 0 5
+1 0 5
+3 0 5
+3 0 5
+5 0 5
cfn=(94) mprotect
calls=5 0x184b0 0 
* 0 25
+5 0 5
+2 0 5
+2 0 5
+1 0 5

fn=(166)
0x14e40 0 11
+4 0 11
+5 0 11
+5 0 11
+5 0 11
+5 0 11
+5 0 11
+5 0 11
+5 0 11
+5 0 11
+6 0 11
+6 0 11
+6 0 11
+8 0 11
+5 0 11
cfn=(168) _dl_fixup
calls=11 0xe540 0 
* 0 11305
+5 0 11
+3 0 11
+6 0 11
+6 0 11
+6 0 11
+5 0 11
+5 0 11
+5 0 11
+5 0 11
+5 0 11
+5 0 11
+5 0 11
+5 0 11
+7 0 11

fn=(168)
0xe540 0 11
+2 0 11
+1 0 11
+3 0 11
+1 0 11
+2 0 11
+4 0 11
+4 0 11
+4 0 11
+4 0 11
+7 0 11
+4 0 11
+4 0 11
+4 0 11
+4 0 11
+4 0 11
+3 0 11
+4 0 11
+4 0 11
+4 0 11
+3 0 11
+5 0 11
+3 0 11
+3 0 11
+3 0 11
+6 0 11
+4 0 11
+6 0 11
+7 0 11
+3 0 11
+6 0 10
+4 0 10
+4 0 10
+5 0 10
+4 0 10
+7 0 10
+4 0 10
+5 0 10
+4 0 10
+3 0 10
+4 0 10
+8 0 10
+2 0 10
+6 0 10
-16 0 1
+8 0 1
+2 0 1
+6 0 1
+6 0 11
+8 0 11
+12 0 11
+2 0 11
+7 0 11
+5 0 11
+2 0 11
+2 0 11
+3 0 11
+6 0 11
+3 0 11
cfn=(134) _dl_lookup_symbol_x
calls=11 0x9bc0 0 
* 0 10378
+5 0 11
+3 0 11
+8 0 11
+2 0 11
+1 0 11
+1 0 11
+6 0 11
+8 0 11
+2 0 11
+2 0 11
+8 0 11
+5 0 11
+3 0 11
+2 0 11
+3 0 11
+2 0 11
+4 0 11
+4 0 11
+4 0 11
+3 0 11
+3 0 11
+6 0 11
+6 0 11
+2 0 11
+2 0 11
+3 0 11
+4 0 11
+1 0 11
+1 0 11
+2 0 11
+14 0 1
+3 0 1

fn=(208) munmap
0x18490 0 1
+5 0 1
+2 0 1
+6 0 1
+2 0 1

fn=(372) __tls_get_addr
0x124e0 0 1
+9 0 1
+7 0 1
+3 0 1
+2 0 1
+3 0 1
+4 0 1
+4 0 1
+4 0 1
+2 0 1
+4 0 1

fn=(374) _dl_fini
0xf660 0 1
+1 0 1
+3 0 1
+2 0 1
+2 0 1
+2 0 1
+2 0 1
+1 0 1
+4 0 1
+7 0 1
+4 0 1
+4 0 1
+6 0 1
+7 0 1
+8 0 1
+8 0 1
+4 0 1
+7 0 1
+4 0 1
+4 0 1
+5 0 1
+4 0 1
+20 0 1
+5 0 1
+8 0 1
+4 0 1
+4 0 1
+6 0 1
+7 0 1
cfn=(38) rtld_lock_default_lock_recursive
calls=1 0xe20 0 
* 0 2
+6 0 1
+4 0 1
+2 0 1
+2 0 1
+2 0 1
+4 0 1
+7 0 1
+3 0 1
+3 0 1
+3 0 1
+2 0 1
+5 0 1
+2 0 1
+4 0 1
+4 0 1
+4 0 1
+2 0 1
+5 0 1
+6 0 1
+4 0 1
+4 0 1
+4 0 1
+4 0 1
+3 0 1
+5 0 1
+4 0 1
+4 0 1
+2 0 1
+18 0 7
+4 0 7
+2 0 7
+2 0 7
+6 0 7
+4 0 7
+2 0 7
+4 0 7
+6 0 7
+3 0 7
+7 0 7
+4 0 7
+3 0 7
+2 0 1
+2 0 1
+29 0 1
+4 0 1
+4 0 1
+2 0 1
+2 0 1
+3 0 1
cfn=(376) _dl_sort_fini
calls=1 0xf400 0 
* 0 660
+5 0 1
+7 0 1
cfn=(40) rtld_lock_default_unlock_recursive
calls=1 0xe30 0 
* 0 2
+6 0 1
+2 0 1
+6 0 1
+3 0 1
+3 0 1
+5 0 1
+3 0 1
+4 0 1
+7 0 1
+2 0 1
-13 0 6
+4 0 6
+7 0 6
+2 0 6
+2 0 7
+3 0 7
+6 0 7
+7 0 7
+3 0 7
+2 0 5
+7 0 5
+6 0 5
+3 0 5
+4 0 5
+7 0 5
+4 0 5
+4 0 5
+2 0 5
+4 0 5
+2 0 5
+1 0 5
+3 0 5
cob=(6)
cfi=(8)
cfn=(468)
calls=1 0x2fa0 0 
* 0 1358
cob=(4) /usr/lib/libm-2.20.so
cfi=(4) ???
cfn=(448) 0x0000000000005610
calls=1 0x5610 0 
* 0 1358
cob=(7)
cfi=(9)
cfn=(416)
calls=1 0x5c040 0 
* 0 2243
cob=(5)
cfi=(5)
cfn=(390)
calls=1 0x660 0 
* 0 943
cob=(8)
cfi=(10)
cfn=(378)
calls=1 0x400d60 0 
* 0 16
+4 0 5
+3 0 5
+4 0 5
+2 0 5
+7 0 5
+3 0 5
+2 0 5
+3 0 5
+4 0 5
cob=(2)
cfi=(2)
cfn=(488)
calls=1 0x524c998 0 
* 0 3
cob=(2)
cfi=(2)
cfn=(466)
calls=1 0x4fa7d64 0 
* 0 3
cob=(2)
cfi=(2)
cfn=(446)
calls=1 0x4cee4d0 0 
* 0 3
cob=(2)
cfi=(2)
cfn=(414)
calls=1 0x4a24808 0 
* 0 3
cob=(2)
cfi=(2)
cfn=(388)
calls=1 0x402464 0 
* 0 3
+2 0 7
+3 0 7
+2 0 7
+2 0 7
+6 0 7
+2 0 7
+2 0 7
+4 0 7
+7 0 7
+3 0 7
+6 0 1
+6 0 2
+7 0 2
+3 0 2
0xf96e 0 1
+3 0 1
+2 0 1
+2 0 1
+6 0 1
+2 0 1
+30 0 1
+7 0 1
+2 0 1
+4 0 1
+1 0 1
+2 0 1
+2 0 1
+2 0 1
+2 0 1
+1 0 1

fn=(18)
0x19130 0 23
+2 0 23
+2 0 23
+3 0 23
+2 0 23
+2 0 23
+3 0 23
+1 0 23
+1 0 23
+4 0 23
+4 0 23
+6 0 8
+2 0 8
+3 0 8
+2 0 1
+3 0 1
+3 0 1
+4 0 1
+4 0 1
+3 0 1
+10 0 3
+4 0 3
+4 0 3
+4 0 3
+4 0 3
+3 0 3
+6 0 4
+4 0 4
+2 0 4
+3 0 4
+2 0 8
+3 0 8
+3 0 8
+6 0 5
+3 0 5
+4 0 5
+3 0 5
+3 0 5
+4 0 5
+6 0 5
+6 0 5
+4 0 5
+87 0 5
+2 0 5
+3 0 5
+3 0 5
+2 0 3
+3 0 3
+3 0 3
+4 0 3
+3 0 3
+3 0 3
+3 0 3
-3 0 15
+3 0 15
+2 0 15
+4 0 15
+3 0 15
+4 0 15
+3 0 15
+2 0 14
+3 0 14
+3 0 14
+3 0 14
+8 0 95
+3 0 95
+4 0 95
+3 0 95
+4 0 95
+3 0 95
+3 0 95
+2 0 107
+3 0 107
+2 0 15
+4 0 15
+2 0 15
+1 0 15
+1 0 15
+2 0 15
+2 0 15
+2 0 15
+2 0 15
+5 0 8
+4 0 8
+2 0 8
+1 0 8
+1 0 8
+2 0 8
+2 0 8
+2 0 8
+2 0 8
+8 0 3
+3 0 3
+3 0 3
+6 0 3
+4 0 3
+3 0 3
+3 0 3
+3 0 3
+4 0 3
+3 0 3
+4 0 3
+6 0 3
+6 0 3
+4 0 3
0x1933f 0 5
+3 0 5
+3 0 5
+4 0 5
+4 0 5
+4 0 5
+3 0 5
+4 0 5
+4 0 5
+6 0 5
+5 0 5
+5 0 5
+5 0 5
+5 0 5
+2 0 5
+8 0 5
+5 0 5
+4 0 5
+4 0 5
+3 0 5
-16 0 20
+5 0 20
+4 0 20
+4 0 20
+3 0 20
+2 0 5
+5 0 3
+3 0 3
+4 0 3
+3 0 3
+4 0 3
+4 0 3
+4 0 3
+3 0 3
+3 0 3
+4 0 3
+3 0 3
+2 0 3
+4 0 3
+3 0 3
+3 0 3
+3 0 3
0x19577 0 3
+3 0 3
+3 0 3
+2 0 3
+3 0 3
+3 0 3
+3 0 3
0x195f7 0 3
+4 0 3

fn=(74) _dl_name_match_p
0x10280 0 218
+1 0 218
+1 0 218
+3 0 218
+3 0 218
+4 0 218
+4 0 218
cfn=(42)
calls=218 0x18aa0 0 
* 0 1533
+5 0 218
+2 0 218
+5 0 218
+2 0 218
+4 0 218
+3 0 218
+11 0 215
+4 0 215
+3 0 215
+2 0 232
+3 0 232
+3 0 232
cfn=(42)
calls=232 0x18aa0 0 
* 0 5067
+5 0 232
+2 0 232
+2 0 17
+5 0 17
+4 0 17
+2 0 17
+1 0 17
+1 0 17
+11 0 201
+4 0 201
+2 0 201
+2 0 201
+1 0 201
+1 0 201

fn=(90) _fxstat
0x182c0 0 6
+3 0 6
+2 0 6
+2 0 6
+3 0 6
+3 0 6
+5 0 6
+2 0 6
+6 0 6
+2 0 6

fn=(96) memset
0x197b0 0 19
+3 0 19
+4 0 19
+3 0 19
* 0 4932
+2 0 19
+3 0 19

fn=(98) close
0x18440 0 6
+5 0 6
+2 0 6
+6 0 6
+2 0 6

fn=(114)
0xf150 0 1
+2 0 1
+2 0 1
+3 0 1
+2 0 1
+2 0 1
+3 0 1
+1 0 1
+1 0 1
+3 0 1
+4 0 1
cfn=(66) _dl_initial_error_catch_tsd
calls=1 0xe10 0 
* 0 2
+6 0 1
+7 0 1
+3 0 1
+3 0 1
+7 0 1
+3 0 1
+7 0 1
cfn=(116) version_check_doit
calls=1 0x4b60 0 
* 0 12076
+3 0 1
+3 0 1
+7 0 1
+4 0 1
+1 0 1
+1 0 1
+2 0 1
+2 0 1
+2 0 1
+2 0 1

fn=(116)
0x4b60 0 1
+1 0 1
+3 0 1
+3 0 1
+7 0 1
+5 0 1
cfn=(118) _dl_check_all_versions
calls=1 0x10c00 0 
* 0 12066
+5 0 1
+2 0 1
+8 0 1
+1 0 1

fn=(126) _dl_determine_tlsoffset
0x11b00 0 1
+2 0 1
+2 0 1
+2 0 1
+2 0 1
+1 0 1
+1 0 1
+4 0 1
+7 0 1
+3 0 1
+6 0 1
+5 0 1
+6 0 1
+4 0 1
+3 0 1
+6 0 1
+3 0 1
+3 0 1
+6 0 1
+4 0 1
+2 0 1
+2 0 1
+3 0 1
+3 0 1
+6 0 1
+57 0 1
+4 0 1
+3 0 1
+6 0 2
+7 0 2
+7 0 2
+3 0 2
+7 0 2
+4 0 2
+3 0 2
+5 0 2
+3 0 2
+3 0 2
+4 0 2
+3 0 2
+3 0 2
+3 0 2
+2 0 2
+4 0 2
+2 0 2
+3 0 2
+5 0 2
+3 0 2
+4 0 2
+3 0 2
+3 0 2
+11 0 2
+7 0 2
+3 0 2
+4 0 2
+3 0 2
+3 0 2
+6 0 1
+8 0 1
+2 0 1
+7 0 1
+3 0 1
+4 0 1
+6 0 1
+7 0 1
+7 0 1
+4 0 1
+1 0 1
+1 0 1
+2 0 1
+2 0 1
+2 0 1
+2 0 1

fn=(128) _dl_allocate_tls_storage
0x11da0 0 1
+1 0 1
+1 0 1
+4 0 1
+7 0 1
+7 0 1
+3 0 1
cfn=(32) __libc_memalign
calls=1 0x16990 0 
* 0 49
* 0 1
+5 0 1
+3 0 1
+3 0 1
+2 0 1
+8 0 1
+2 0 1
+4 0 1
+3 0 1
+7 0 1
+11 0 1
+4 0 1
+3 0 1
+6 0 1
+3 0 1
* 0 287
+3 0 1
+3 0 1
cfn=(130) allocate_dtv
calls=1 0x117e0 0 
* 0 58
+5 0 1
+3 0 1
+2 0 1
+4 0 1
+1 0 1
+1 0 1

fn=(132)
0xb540 0 7
+1 0 7
+3 0 7
+2 0 7
+2 0 7
+2 0 7
+2 0 7
+3 0 7
+1 0 7
+2 0 7
+7 0 7
+6 0 7
+7 0 7
+6 0 7
+2 0 7
+2 0 7
+8 0 7
+3 0 7
+6 0 7
+8 0 7
+6 0 7
+7 0 7
+3 0 7
+6 0 5
+3 0 5
+4 0 5
+7 0 5
+6 0 7
+8 0 7
+11 0 7
+6 0 7
+4 0 7
+3 0 7
+4 0 7
+4 0 7
+7 0 7
+2 0 5
+8 0 5
+2 0 5
+4 0 5
+4 0 5
+4 0 5
+3 0 5
+6 0 5
+7 0 5
+4 0 5
+3 0 5
+6 0 5
+7 0 5
+4 0 5
+3 0 5
+7 0 5
-10 0 2
+3 0 2
+7 0 2
+2 0 5
+3 0 5
+20 0 7
+4 0 7
+2 0 7
+5 0 7
+3 0 7
* 0 56
+3 0 7
+4 0 7
+3 0 7
+6 0 7
+4 0 7
+7 0 7
+7 0 7
+4 0 7
+4 0 7
+3 0 7
+4 0 7
+2 0 6
+10 0 6
+3 0 6
+4 0 6
+3 0 6
+4 0 6
+3 0 6
+4 0 6
+4 0 6
+5 0 6
+8 0 6
-13 0 1
+5 0 1
+8 0 1
+2 0 7
+7 0 7
+4 0 7
+4 0 7
+4 0 7
+4 0 7
+3 0 7
+6 0 7
+3 0 7
+6 0 5
+4 0 5
+4 0 5
+4 0 5
+4 0 5
+6 0 5
+7 0 5
+6 0 5
+2 0 5
+7 0 5
+4 0 5
+7 0 5
+4 0 5
+7 0 5
+7 0 5
+7 0 5
+7 0 5
+7 0 5
+2 0 5
+4 0 5
+3 0 5
+3 0 5
-94 0 2
+4 0 2
+6 0 2
+7 0 2
+6 0 2
+2 0 2
+7 0 2
+4 0 2
+7 0 2
+4 0 2
+7 0 2
+7 0 2
+7 0 2
+7 0 2
+7 0 2
+2 0 2
+4 0 2
+3 0 2
+3 0 2
-12 0 7
+2 0 7
+4 0 7
+3 0 7
+3 0 7
+6 0 5
+3 0 5
+2 0 5
+3 0 5
+7 0 737
+3 0 737
+3 0 737
+4 0 737
+6 0 737
+7 0 737
+3 0 737
+6 0 737
+3 0 737
+4 0 737
+3 0 737
-7 0 13
+4 0 13
+3 0 13
+2 0 751
+3 0 751
+4 0 751
+2 0 14
+3 0 14
+3 0 14
+2 0 1
+3 0 1
+4 0 1
+3 0 1
+9 0 5
+3 0 5
+2 0 1
+3 0 1
+2 0 1
+6 0 1
+8 0 14
+4 0 14
+3 0 14
+2 0 14
+4 0 14
+2 0 14
+3 0 14
+4 0 14
+2 0 14
+3 0 14
+2 0 14
+6 0 14
cob=(4)
cfi=(4)
cfn=(196) sin
calls=1 0x1f360 0 
* 0 16
cob=(4)
cfi=(4)
cfn=(194) __atan2_finite
calls=1 0xfa90 0 
* 0 16
cob=(4)
cfi=(4)
cfn=(192) __asin_finite
calls=1 0xb090 0 
* 0 13
cob=(4)
cfi=(4)
cfn=(190) floor
calls=1 0x1b000 0 
* 0 12
cob=(4)
cfi=(4)
cfn=(188) floorf
calls=1 0x32b60 0 
* 0 12
cob=(4)
cfi=(4)
cfn=(186) __acos_finite
calls=1 0xb060 0 
* 0 13
cob=(4)
cfi=(4)
cfn=(184) rintf
calls=1 0x330b0 0 
* 0 12
cob=(4)
cfi=(4)
cfn=(182) __log_finite
calls=1 0x14950 0 
* 0 16
cob=(4)
cfi=(4)
cfn=(180) __pow_finite
calls=1 0x15e40 0 
* 0 13
cob=(4)
cfi=(4)
cfn=(178) ceil
calls=1 0x19fb0 0 
* 0 12
cob=(4)
cfi=(4)
cfn=(176) ceilf
calls=1 0x31a80 0 
* 0 12
cob=(4)
cfi=(4)
cfn=(174) rint
calls=1 0x1b6d0 0 
* 0 12
cob=(4)
cfi=(4)
cfn=(172) cos
calls=1 0x1f310 0 
* 0 16
cob=(4)
cfi=(4)
cfn=(158) __exp_finite
calls=1 0x102e0 0 
* 0 1368
+2 0 14
+6 0 14
+5 0 14
+4 0 14
+4 0 1
+3 0 1
+8 0 1
+7 0 1
+7 0 1
-22 0 13
+8 0 13
+7 0 13
+7 0 13
+6 0 7
+6 0 7
+2 0 7
+6 0 7
+8 0 7
+8 0 7
+7 0 7
+6 0 7
+8 0 7
+2 0 5
+3 0 5
cfn=(154)
calls=5 0xb410 0 
* 0 125
+5 0 5
+4 0 5
+4 0 5
+1 0 5
+2 0 5
+2 0 5
+2 0 5
+2 0 5
+1 0 5
-14 0 2
+4 0 2
+1 0 2
+2 0 2
+2 0 2
+2 0 2
+2 0 2
+1 0 2
+2 0 9
+4 0 9
+4 0 9
+4 0 9
+4 0 9
+7 0 9
+7 0 9
+3 0 9
+2 0 7
+3 0 7
+6 0 7
+3 0 7
+2 0 5
+7 0 5
+3 0 5
+3 0 5
+3 0 5
+4 0 5
-13 0 1670
+3 0 1670
+3 0 1670
+3 0 1670
+4 0 1670
+2 0 1675
+4 0 1675
+6 0 1675
+3 0 1675
+4 0 1675
+4 0 1675
+3 0 1675
+3 0 1675
+2 0 9
+7 0 9
+3 0 9
+6 0 8
+4 0 8
+3 0 8
+7 0 8
+6 0 6
+3 0 6
+11 0 6
+3 0 6
+7 0 6
+4 0 6
+3 0 6
+4 0 6
-11 0 2228
+4 0 2228
+3 0 2228
+4 0 2228
+6 0 2229
+7 0 2229
+4 0 2229
+3 0 2229
+3 0 2229
+4 0 2229
+7 0 2229
+4 0 2229
+7 0 2229
+4 0 2229
+4 0 2229
+4 0 2229
+6 0 2229
+4 0 2229
+6 0 2229
+3 0 2229
+6 0 2229
+5 0 2229
+3 0 2229
+2 0 2229
+6 0 2217
+7 0 2217
+6 0 1231
+4 0 1231
+6 0 1229
+4 0 1229
+6 0 1216
+5 0 1216
+4 0 1216
+4 0 1216
+4 0 1216
+3 0 1216
+3 0 1216
+4 0 1216
+3 0 1216
+4 0 1216
+4 0 1216
+3 0 1216
+6 0 1216
+3 0 1216
+7 0 1216
+4 0 1216
+7 0 1216
+4 0 1216
+3 0 1216
-48 0 15
+3 0 15
+4 0 15
+4 0 15
+3 0 15
+6 0 15
+3 0 15
+7 0 15
+4 0 15
+7 0 15
+4 0 15
+3 0 15
+2 0 1231
+4 0 1231
+5 0 1231
+2 0 1231
+4 0 1231
+3 0 1231
+7 0 1231
+3 0 1231
+7 0 1231
+7 0 1231
+2 0 1231
+2 0 1231
+7 0 1231
+7 0 1231
cfn=(134)
calls=1231 0x9bc0 0 
* 0 1014033
+5 0 1231
+4 0 1231
+7 0 1231
+3 0 1231
+7 0 1231
+7 0 1231
+7 0 1231
+1 0 1231
+1 0 1231
+2 0 1231
+3 0 1231
-5 0 986
+2 0 986
+3 0 986
+2 0 2213
+4 0 2213
+3 0 2213
+4 0 2213
+3 0 2213
+2 0 2213
+6 0 2229
+4 0 2229
+6 0 2229
+7 0 2229
+4 0 2229
+3 0 2229
+10 0 7
+8 0 7
+6 0 2
+3 0 2
+7 0 2
+72 0 2
+3 0 2
+6 0 2
+3 0 2
+4 0 2
+88 0 2211
+4 0 2211
+4 0 2211
+4 0 2211
+3 0 2211
-7 0 23
+4 0 23
+3 0 23
+6 0 6
+7 0 6
+3 0 6
+6 0 1
+7 0 1
+3 0 1
+6 0 1
+3 0 1
+3 0 1
+3 0 1
+3 0 1
+7 0 5
+4 0 5
+3 0 5
+6 0 5
+4 0 5
+3 0 5
+2 0 5
+7 0 5
+4 0 5
+3 0 5
+7 0 5
+4 0 5
+7 0 5
+4 0 5
+4 0 5
+4 0 5
+4 0 5
+3 0 5
+2 0 5
0xbc78 0 5
+3 0 5
+4 0 5
+4 0 5
+3 0 5
+2 0 5
+6 0 5
+4 0 5
+4 0 5
cob=(3)
cfi=(3)
cfn=(152) memcpy@GLIBC_2.2.5
calls=1 0x85420 0 
* 0 17
cob=(3)
cfi=(3)
cfn=(150) gettimeofday
calls=1 0xa8960 0 
* 0 66
cob=(3)
cfi=(3)
cfn=(148) strncasecmp
calls=1 0x87f90 0 
* 0 11
cob=(3)
cfi=(3)
cfn=(144) time
calls=1 0xa88b0 0 
* 0 66
cob=(3)
cfi=(3)
cfn=(140) strcasecmp
calls=1 0x85ca0 0 
* 0 73
+2 0 5
+4 0 5
0xbd20 0 5
+8 0 5
+7 0 5
+6 0 1
+7 0 1
+12 0 12
+3 0 12
+3 0 12
+34 0 15
+5 0 15
+11 0 1
+8 0 1
+6 0 1
0xbe00 0 11
+4 0 11
+3 0 11
+6 0 11
+7 0 11
+4 0 11
+3 0 11
+4 0 11
+6 0 11
+4 0 11
+4 0 11
+3 0 11
+4 0 11
+12 0 2
+4 0 2
+3 0 2
+6 0 2
+4 0 2
+4 0 2
+4 0 2
+7 0 4
+3 0 4
+6 0 4
+7 0 4
+4 0 4
+60 0 1
+4 0 1
+3 0 1
+6 0 1
+4 0 1
+5 0 1
+3 0 1
+6 0 1
+7 0 1
+7 0 1
+3 0 1
cfn=(34)
calls=1 0x199f0 0 
* 0 27
+5 0 1
+4 0 1
+5 0 1
+7 0 1
+7 0 1
+2 0 1
0xbf78 0 5
+3 0 5
+85 0 7
+7 0 7
+3 0 7
+4 0 7
+4 0 7
+3 0 7
+27 0 986
+4 0 986
+4 0 986
+6 0 986
+5 0 986
+4 0 986
+6 0 984
+2 0 984
+4 0 984
+3 0 984
+4 0 984
-4 0 2
+4 0 2
+6 0 986
+7 0 986
0xc198 0 1
+3 0 1
+11 0 1
+11 0 1
+6 0 1
+7 0 1
+2 0 1
+4 0 1
+3 0 1
+4 0 1
-11 0 4
+4 0 4
+3 0 4
+4 0 4
+6 0 5
+4 0 5
+7 0 5
+7 0 5
+4 0 5
+3 0 5
+4 0 5
+4 0 5
+7 0 5
+6 0 5
+4 0 5
+6 0 5
+3 0 5
+6 0 5
+5 0 5
+3 0 5
+2 0 5
+6 0 5
+7 0 5
+6 0 5
+4 0 5
+6 0 5
+4 0 5
+6 0 5
+5 0 5
+4 0 5
+4 0 5
+4 0 5
+3 0 5
+3 0 5
+3 0 5
+3 0 5
+4 0 5
+4 0 5
+3 0 5
+3 0 5
+3 0 5
+7 0 5
+7 0 5
+7 0 5
+3 0 5
+7 0 5
+7 0 5
+3 0 5
+2 0 5
+2 0 5
+7 0 5
cfn=(134)
calls=5 0x9bc0 0 
* 0 3137
+5 0 5
+7 0 5
+7 0 5
+3 0 5
+7 0 5
+7 0 5
+1 0 5
+1 0 5
+2 0 5
+3 0 5
+2 0 1
+4 0 1
+3 0 1
+4 0 1
+3 0 1
+2 0 1
+6 0 5
+4 0 5
+6 0 5
+7 0 5
+4 0 5
+3 0 5
+13 0 5
+4 0 5
+4 0 5
+3 0 5
+4 0 5
+3 0 5
+6 0 1
+7 0 1
+7 0 1
+3 0 1
0xc66e 0 2
+5 0 2
0xc7c6 0 986
+7 0 986
+8 0 986
+7 0 986
+4 0 986

fn=(136) do_lookup_x
0x9110 0 1247
+2 0 1247
+2 0 1247
+2 0 1247
+2 0 1247
+3 0 1247
+1 0 1247
+1 0 1247
+7 0 1247
+4 0 1247
+5 0 1247
+5 0 1247
+5 0 1247
+5 0 1247
+8 0 1247
+8 0 1247
+3 0 1247
+5 0 1247
+5 0 1247
+4 0 1247
+3 0 1247
+5 0 1247
+5 0 1247
+7 0 1247
+5 0 1247
+3 0 1247
+5 0 1247
+3 0 1247
+3 0 1247
+4 0 1247
+4 0 1247
+3 0 1247
+1 0 1247
+4 0 1247
+4 0 1247
+3 0 1247
-11 0 2889
+4 0 2889
+4 0 2889
+3 0 2889
+6 0 4136
+3 0 4136
+2 0 3
+7 0 3
+6 0 4135
+7 0 4135
+6 0 4135
+7 0 4135
+6 0 4135
+6 0 4135
+2 0 4135
+6 0 4135
+4 0 4135
+8 0 4135
+9 0 4135
+4 0 4135
+3 0 4135
+4 0 4135
+4 0 4135
+5 0 4135
+7 0 4135
+3 0 4135
+6 0 4135
+4 0 4135
+6 0 4135
+5 0 4135
+4 0 4135
+6 0 4135
+3 0 4135
+3 0 4135
+3 0 4135
+3 0 4135
+5 0 4135
+3 0 4135
+3 0 4135
+2 0 4135
+6 0 2908
+9 0 2908
+2 0 2758
+8 0 2758
+4 0 2758
+3 0 2758
+2 0 107
+3 0 107
cfn=(74)
calls=107 0x10280 0 
* 0 5437
+5 0 107
+2 0 107
+6 0 107
+8 0 107
+4 0 107
+3 0 107
-7 0 2802
+4 0 2802
+3 0 2802
+6 0 20
+2 0 20
+1 0 20
+7 0 20
+1 0 20
+1 0 20
+2 0 20
+2 0 20
+2 0 20
+2 0 20
-17 0 1227
+7 0 1227
+1 0 1227
+1 0 1227
+2 0 1227
+2 0 1227
+2 0 1227
+2 0 1227
0x9400 0 50
+5 0 50
+4 0 50
+5 0 50
+4 0 50
+5 0 50
+7 0 50
+4 0 50
+5 0 50
+5 0 50
+3 0 50
cfn=(38)
calls=50 0xe20 0 
* 0 100
+6 0 50
+7 0 50
+5 0 50
+3 0 50
+5 0 50
+4 0 50
+5 0 50
+3 0 50
+5 0 50
+6 0 49
+3 0 49
+2 0 49
+5 0 49
+3 0 49
+4 0 49
+3 0 49
+5 0 49
+3 0 49
+5 0 49
+3 0 49
+3 0 49
+2 0 49
+3 0 49
+3 0 49
+4 0 49
+3 0 49
+3 0 49
+4 0 49
+3 0 49
+3 0 49
+3 0 49
+3 0 49
+4 0 49
+5 0 49
-15 0 46
+3 0 46
+3 0 46
+4 0 46
+5 0 46
+6 0 125
+6 0 125
+6 0 76
+3 0 76
+3 0 76
+4 0 76
+6 0 30
+3 0 30
+4 0 30
+3 0 30
-7 0 95
+4 0 95
+3 0 95
+90 0 859
+6 0 859
+2 0 859
+6 0 1177
+3 0 1177
+5 0 1177
+3 0 1177
+4 0 1177
+5 0 1177
+6 0 49
+5 0 49
+7 0 49
+3 0 49
+4 0 49
+5 0 49
+5 0 49
+3 0 49
+4 0 49
+4 0 49
+5 0 49
+4 0 49
+3 0 49
+6 0 2
+8 0 2
+2 0 2
+6 0 2
+4 0 2
+5 0 2
cfn=(198) _dl_higher_prime_number
calls=2 0x102f0 0 
* 0 144
+5 0 2
+5 0 2
+3 0 2
+3 0 2
cfn=(24)
calls=2 0x16aa0 0 
* 0 76
* 0 2
+5 0 2
+3 0 2
+3 0 2
+6 0 2
+5 0 2
+3 0 2
+5 0 2
+5 0 2
+6 0 2
+5 0 2
+4 0 2
+5 0 2
+3 0 2
+3 0 2
+5 0 2
+4 0 2
+3 0 2
+4 0 2
+3 0 2
+3 0 2
-6 0 90
+3 0 90
+3 0 90
+2 0 70
+4 0 70
+2 0 70
+4 0 70
+4 0 70
+3 0 70
+3 0 70
+3 0 70
+3 0 70
+3 0 70
+2 0 70
+3 0 70
+4 0 70
+3 0 70
+4 0 70
+3 0 70
+4 0 70
+3 0 70
-10 0 10
+3 0 10
+4 0 10
+3 0 10
+9 0 13
+3 0 13
+3 0 13
+3 0 13
+6 0 83
+5 0 83
+2 0 70
+3 0 70
+4 0 70
+4 0 70
+4 0 70
+4 0 70
+3 0 70
-7 0 22
+4 0 22
+3 0 22
+2 0 2
+5 0 2
+5 0 2
+5 0 2
+5 0 2
+4 0 2
+7 0 2
+4 0 2
+3 0 2
cfn=(200) free
calls=2 0x16ae0 0 
* 0 6
+4 0 2
+7 0 2
+5 0 2
+4 0 2
+4 0 2
+5 0 2
+4 0 2
+3 0 2
+3 0 2
+2 0 2
+3 0 2
+3 0 2
+5 0 2
+5 0 2
+3 0 2
+3 0 2
+3 0 2
+2 0 2
+5 0 2
+4 0 2
+4 0 2
+3 0 2
+4 0 2
+2 0 2
-54 0 48
+3 0 48
+2 0 48
+3 0 48
+3 0 48
+5 0 48
+5 0 48
+3 0 48
+3 0 48
+3 0 48
+2 0 48
+5 0 48
+4 0 48
+4 0 48
+3 0 48
+4 0 48
+2 0 48
+76 0 50
+5 0 50
+7 0 50
+4 0 50
+4 0 50
+6 0 50
+5 0 50
+5 0 50
cfn=(40)
calls=50 0xe30 0 
* 0 100
+6 0 50
+5 0 50
+5 0 50
+4 0 50
+3 0 50
+5 0 50
+5 0 43
+3 0 43
+3 0 43
+4 0 43
+3 0 43
-10 0 50
+3 0 50
+4 0 50
+3 0 50
+12 0 71
+3 0 71
+3 0 71
+3 0 71
+2 0 121
+5 0 121
+2 0 50
+3 0 50
+4 0 50
+4 0 50
+4 0 50
+7 0 50
+3 0 50
+2 0 50
+19 0 10
+3 0 10
+13 0 46
+3 0 46
+5 0 1290
+5 0 1290
+2 0 1290
+2 0 1290
+3 0 1290
+7 0 1290
+3 0 1290
+2 0 1290
+6 0 1277
+7 0 1277
+5 0 1277
+8 0 1277
+8 0 1277
+3 0 1277
+5 0 1277
+5 0 1277
+3 0 1277
+4 0 1277
+5 0 1277
+5 0 1277
+3 0 1277
+5 0 2223
+4 0 2223
+2 0 2223
+6 0 3450
+3 0 3450
+3 0 3450
+3 0 3450
+3 0 3450
+2 0 1227
+3 0 1227
+7 0 1227
+4 0 1227
+4 0 1227
+4 0 1227
+1 0 1227
+2 0 1227
+4 0 1227
+2 0 1227
+1 0 1227
+8 0 1227
+4 0 1227
+7 0 1227
+5 0 1227
+5 0 1227
+2 0 1227
+4 0 1227
+8 0 1227
cfn=(138) check_match
calls=1227 0x8f70 0 
* 0 175934
+5 0 1227
+4 0 1227
+3 0 1227
+27 0 50
+4 0 50
+8 0 50
+8 0 50
+5 0 50
+5 0 50
+3 0 50
+23 0 1227
+4 0 1227
+3 0 1227
+3 0 1227
+6 0 368
+3 0 368
+6 0 318
+3 0 318
+67 0 50
+5 0 50
+3 0 50
+5 0 1
+8 0 1
+2 0 1
+6 0 1
+3 0 1
+6 0 1
+5 0 1
+5 0 1
+5 0 1
cfn=(24)
calls=1 0x16aa0 0 
* 0 38
* 0 1
+5 0 1
+3 0 1
+5 0 1
+6 0 1
+4 0 1
+7 0 1
+6 0 1
+9 0 1
+9 0 1
+5 0 1
+5 0 1
0x9aeb 0 1227
+3 0 1227
+5 0 1227
+3 0 1227
+8 0 1227
+8 0 1227
+5 0 1227
+5 0 1227

fn=(204)
0x16540 0 1

fn=(32)
0x16990 0 37
+1 0 37
+1 0 37
+4 0 37
+7 0 37
+3 0 37
+6 0 36
+7 0 36
+5 0 36
+3 0 36
+3 0 36
+4 0 36
+7 0 36
+3 0 36
-25 0 1
+5 0 1
+3 0 1
+3 0 1
+4 0 1
+7 0 1
+3 0 1
+2 0 33
+3 0 33
+3 0 33
+3 0 33
+2 0 4
+7 0 4
+5 0 4
+3 0 4
+3 0 4
+3 0 4
+6 0 4
+3 0 4
+2 0 4
+3 0 4
+6 0 4
+5 0 4
+5 0 4
+3 0 4
cfn=(92) mmap
calls=4 0x18460 0 
* 0 24
+5 0 4
+4 0 4
+2 0 4
+7 0 4
+3 0 4
+8 0 4
+3 0 4
+7 0 4
+3 0 4
+7 0 4
+7 0 4
+4 0 4
+3 0 4
+1 0 4
+1 0 4
-23 0 33
+7 0 33
+7 0 33
+4 0 33
+3 0 33
+1 0 33
+1 0 33
+6 0 1
+7 0 1
+7 0 1
+5 0 1
+3 0 1
+3 0 1
+7 0 1

fn=(46) uname
0x184f0 0 1
+5 0 1
+2 0 1
+6 0 1
+2 0 1

fn=(60)
0x16f60 0 2
+4 0 2
+3 0 2
+2 0 2
+3 0 2
+3 0 2
+2 0 1
+4 0 1
+3 0 1
+2 0 1
+3 0 1
+3 0 1
+3 0 1
+3 0 1
-6 0 46
+3 0 46
+3 0 46
+10 0 94
+4 0 94
+3 0 94
+2 0 94
+2 0 94
+3 0 94
+10 0 1
+3 0 1
* 0 1
+5 0 47
+4 0 47
+4 0 47
+3 0 47
+2 0 1
+2 0 1

fn=(62)
0xbc0 0 1
+2 0 1
+1 0 1
+3 0 1
+1 0 1
+7 0 1
+3 0 1
+4 0 1
+6 0 1
+5 0 1
+5 0 1
+5 0 1
+5 0 1
+5 0 1
+5 0 1
+9 0 1
+8 0 1
cfn=(64) _dl_catch_error
calls=1 0xf080 0 
* 0 2557
+5 0 1
+5 0 1
+3 0 1
+31 0 1
+2 0 1
+6 0 1
+3 0 1
+4 0 1
+1 0 1
+1 0 1
+2 0 1

fn=(76) index
0x18880 0 17
+4 0 17
+2 0 17
+5 0 17
+4 0 17
+5 0 17
+4 0 17
+5 0 17
+6 0 17
+4 0 17
+4 0 17
+4 0 17
+4 0 17
+4 0 17
+4 0 17
+4 0 17
+2 0 17
+2 0 14
+3 0 14
+5 0 14
+4 0 14
+3 0 14
+4 0 14
+2 0 3
+5 0 3
+4 0 3
+4 0 3
+4 0 3
+4 0 3
+4 0 3
+5 0 3
+4 0 3
+4 0 3
+4 0 3
+4 0 3
+4 0 3
+4 0 3
+5 0 3
+4 0 3
+4 0 3
+4 0 3
+3 0 3
+4 0 3
+4 0 3
+4 0 3
+3 0 3
+3 0 3
0x189e0 0 3
+4 0 3
+5 0 3
+4 0 3
+3 0 3
+4 0 3

fn=(78) expand_dynamic_string_token
0x7940 0 1
+2 0 1
+2 0 1
+2 0 1
+1 0 1
+3 0 1
+1 0 1
+3 0 1
+5 0 1
+3 0 1
+2 0 1
cfn=(76)
calls=1 0x18880 0 
* 0 47
+5 0 1
+3 0 1
+2 0 1
+3 0 1
+1 0 1
+1 0 1
+2 0 1
+2 0 1
+2 0 1
cfn=(80) local_strdup
calls=1 0x5400 0 
* 0 175

fn=(92)
0x18460 0 17
+3 0 17
+5 0 17
+2 0 17
+6 0 17
+2 0 17

fn=(104) openaux
0xcb80 0 11
+1 0 11
+3 0 11
+3 0 11
+3 0 11
+4 0 11
+4 0 11
+7 0 11
+4 0 11
+3 0 11
+2 0 11
+3 0 11
+5 0 11
+3 0 11
cfn=(72) _dl_map_object
calls=11 0x8400 0 
* 0 25006
+5 0 11
+4 0 11
+1 0 11

fn=(106) _dl_load_cache_lookup
0x15c90 0 4
+2 0 4
+2 0 4
+2 0 4
+2 0 4
+3 0 4
+1 0 4
+1 0 4
+4 0 4
+7 0 4
+6 0 4
+7 0 4
+3 0 4
+6 0 3
+4 0 3
+6 0 3
+7 0 3
+7 0 3
+4 0 3
-11 0 1
+7 0 1
+4 0 1
+6 0 4
+3 0 4
+5 0 4
+3 0 4
+3 0 4
+4 0 4
+3 0 4
+7 0 4
+3 0 4
+5 0 4
+7 0 4
+5 0 4
+2 0 4
+2 0 4
+3 0 4
+2 0 4
+3 0 4
+4 0 4
+5 0 4
+2 0 4
+9 0 16
+3 0 16
+3 0 16
+2 0 31
+4 0 31
+7 0 31
+2 0 31
+3 0 31
+2 0 31
+2 0 31
+3 0 31
+4 0 31
+4 0 31
+3 0 31
+3 0 31
+2 0 35
+3 0 35
+3 0 35
cfn=(110) _dl_cache_libcmp
calls=35 0x15bb0 0 
* 0 2735
+5 0 35
+2 0 35
+2 0 31
+2 0 15
+4 0 15
+3 0 15
+25 0 4
+2 0 4
+7 0 4
+6 0 4
+4 0 4
+3 0 4
+4 0 4
+5 0 4
+3 0 4
+14 0 3
+3 0 3
+7 0 3
+2 0 3
+4 0 3
+3 0 3
+4 0 3
+5 0 3
+3 0 3
+2 0 3
+3 0 3
+4 0 3
+3 0 3
+3 0 3
+3 0 3
cfn=(110)
calls=3 0x15bb0 0 
* 0 255
-13 0 4
+4 0 4
+3 0 4
+3 0 4
+3 0 4
cfn=(110)
calls=4 0x15bb0 0 
* 0 629
+5 0 7
+2 0 7
+2 0 4
+4 0 4
+7 0 4
+5 0 4
+5 0 4
+10 0 4
+9 0 4
+3 0 4
+3 0 4
+5 0 4
+23 0 4
+3 0 4
+3 0 4
+53 0 4
+4 0 4
+4 0 4
+7 0 4
+4 0 4
+2 0 4
+3 0 4
+3 0 4
+2 0 4
+6 0 4
+14 0 4
+4 0 4
+5 0 4
+4 0 4
+4 0 4
+6 0 4
+6 0 4
+2 0 4
+2 0 4
+3 0 4
+6 0 4
+3 0 4
+10 0 4
+5 0 4
+6 0 4
+6 0 4
+7 0 4
+5 0 4
+6 0 4
+4 0 4
+3 0 4
+1 0 4
+1 0 4
+2 0 4
+2 0 4
+2 0 4
+2 0 4
0x1611d 0 1
+7 0 1
+7 0 1
+5 0 1
cfn=(108) _dl_sysdep_read_whole_file
calls=1 0x100e0 0 
* 0 67
+5 0 1
+4 0 1
+3 0 1
+6 0 1
+7 0 1
+4 0 1
+2 0 1
+7 0 1
+5 0 1
+3 0 1
cfn=(18)
calls=1 0x19130 0 
* 0 123
+5 0 1
+2 0 1
+6 0 1
+3 0 1
+7 0 1
+4 0 1
+8 0 1
+4 0 1
+4 0 1
+4 0 1
+3 0 1
+7 0 1
+2 0 1
+7 0 1
+5 0 1
cfn=(18)
calls=1 0x19130 0 
* 0 112
+5 0 1
+2 0 1
+13 0 1
+3 0 1

fn=(16)
0x168d0 0 2
+3 0 2
+3 0 2
+3 0 2
+2 0 1
+5 0 54
+4 0 54
+3 0 54
+3 0 54
+2 0 55
+3 0 55
+2 0 11
+4 0 11
+2 0 1
+4 0 1
+2 0 1
+4 0 1
+4 0 1
+3 0 1
+10 0 1
+2 0 1

fn=(36)
0xae30 0 6
+2 0 6
+1 0 6
+3 0 6
+1 0 6
+3 0 6
+7 0 6
cfn=(38)
calls=6 0xe20 0 
* 0 12
+6 0 6
+4 0 6
+7 0 6
+4 0 6
+3 0 6
+3 0 6
+3 0 6
+2 0 1
+7 0 15
+3 0 15
+4 0 15
+3 0 15
-7 0 5
+4 0 5
+3 0 5
+2 0 5
+5 0 5
+4 0 5
+4 0 5
+7 0 5
+4 0 5
+5 0 5
+7 0 5
+1 0 5
+1 0 5
+8 0 5
+4 0 5
+2 0 5
+7 0 5
+7 0 5
cfn=(40)
calls=5 0xe30 0 
* 0 10
-57 0 1
+4 0 1
+7 0 1
+4 0 1
+5 0 1
+7 0 1
+1 0 1
+1 0 1
+8 0 1
+4 0 1
+2 0 1
+7 0 1
+7 0 1
cfn=(40)
calls=1 0xe30 0 
* 0 2
+10 0 1
+3 0 1

fn=(40)
0xe30 0 57
+4 0 57

fn=(48)
0x7fc0 0 1
+1 0 1
+7 0 1
+7 0 1
+3 0 1
+2 0 1
+2 0 1
+2 0 1
+2 0 1
+3 0 1
+1 0 1
+4 0 1
+7 0 1
+7 0 1
cfn=(50) _dl_important_hwcaps
calls=1 0xddf0 0 
* 0 328
+5 0 1
+5 0 1
+7 0 1
cfn=(28)
calls=1 0x16a90 0 
* 0 29
* 0 1
+5 0 1
+3 0 1
+3 0 1
+7 0 1
+6 0 1
+7 0 1
+10 0 1
+8 0 1
+3 0 1
+4 0 1
+4 0 1
+4 0 1
+4 0 1
cfn=(28)
calls=1 0x16a90 0 
* 0 29
* 0 1
+5 0 1
+3 0 1
+4 0 1
+6 0 1
+7 0 1
+2 0 1
+3 0 1
+10 0 1
+7 0 1
+4 0 1
+7 0 1
+8 0 1
+8 0 1
+4 0 1
+2 0 1
+3 0 1
+8 0 1
+4 0 1
+3 0 1
-15 0 3
+8 0 3
+4 0 3
+3 0 3
+2 0 1
+7 0 1
+7 0 1
+11 0 1
+9 0 1
+3 0 1
+2 0 1
+8 0 1
+3 0 1
+2 0 1
+6 0 1
+7 0 1
+3 0 1
+62 0 1
+3 0 1
0x8220 0 1
+11 0 1
+4 0 1
+1 0 1
+2 0 1
+2 0 1
+2 0 1
+2 0 1
+1 0 1
+7 0 1
+7 0 1
+11 0 1
+3 0 1
+52 0 1
+11 0 1

fn=(54)
0xfa60 0 7
+3 0 7
+29 0 6
+3 0 6
+8 0 1
+4 0 1
+7 0 1
+4 0 1
+4 0 1
+4 0 1
+7 0 1
+4 0 1
+4 0 1
+7 0 7
+7 0 7
+5 0 7
+2 0 1
+3 0 1
+6 0 1
+17 0 6

fn=(64)
0xf080 0 12
+1 0 12
+7 0 12
+5 0 12
+5 0 12
+5 0 12
+5 0 12
+5 0 12
+5 0 12
+5 0 12
+5 0 12
+5 0 12
+5 0 12
cfn=(66)
calls=12 0xe10 0 
* 0 24
+6 0 12
+5 0 12
+3 0 12
+2 0 12
+5 0 12
+3 0 12
+5 0 12
+5 0 12
cfn=(68)
calls=12 0x18580 0 
* 0 228
+5 0 12
+2 0 12
+2 0 12
+2 0 12
+5 0 12
+5 0 12
cfn=(104)
calls=11 0xcb80 0 
* 0 25193
cfn=(70) map_doit
calls=1 0xf80 0 
* 0 2496
+3 0 12
+5 0 12
+5 0 12
+5 0 12
+5 0 12
+3 0 12
+5 0 12
+7 0 12
+7 0 12
+2 0 12
+3 0 12
+7 0 12
+1 0 12

fn=(66)
0xe10 0 13
+7 0 13

fn=(72)
0x8400 0 12
+2 0 12
+2 0 12
+2 0 12
+2 0 12
+1 0 12
+1 0 12
+3 0 12
+7 0 12
+3 0 12
+4 0 12
+4 0 12
+5 0 12
+6 0 12
+7 0 12
+7 0 12
+6 0 12
+4 0 12
+3 0 12
+3 0 12
+4 0 12
+4 0 12
+3 0 12
+13 0 49
+4 0 49
+3 0 49
+6 0 56
+8 0 56
+2 0 56
+2 0 56
+3 0 56
+2 0 56
+2 0 56
+2 0 56
+3 0 56
+3 0 56
cfn=(74)
calls=56 0x10280 0 
* 0 3547
+5 0 56
+2 0 56
+2 0 49
+8 0 49
+2 0 49
+7 0 49
+3 0 49
+2 0 28
+4 0 28
+4 0 28
+3 0 28
+4 0 28
+3 0 28
cfn=(42)
calls=28 0x18aa0 0 
* 0 637
+5 0 28
+2 0 28
+22 0 7
+3 0 7
+7 0 7
+1 0 7
+1 0 7
+2 0 7
+2 0 7
+2 0 7
+2 0 7
-17 0 5
+7 0 5
+1 0 5
+1 0 5
+2 0 5
+2 0 5
+2 0 5
+2 0 5
+6 0 5
+3 0 5
+5 0 5
+2 0 5
+7 0 5
+66 0 5
+5 0 5
+7 0 5
+7 0 5
+3 0 5
+6 0 5
+5 0 5
+3 0 5
+5 0 5
cfn=(76)
calls=5 0x18880 0 
* 0 115
+5 0 5
+3 0 5
+6 0 1
+5 0 1
+6 0 1
+2 0 1
+3 0 1
+3 0 1
cfn=(78)
calls=1 0x7940 0 
* 0 242
+5 0 1
+3 0 1
+5 0 1
+3 0 1
+6 0 1
+4 0 1
+2 0 1
+3 0 1
+5 0 1
+2 0 1
+5 0 1
+5 0 1
+3 0 1
+5 0 1
cfn=(82) open_verify
calls=1 0x55c0 0 
* 0 471
+5 0 1
+1 0 1
+3 0 1
+2 0 1
+1 0 1
+5 0 1
+6 0 1
+3 0 1
+9 0 5
+7 0 5
+4 0 5
+3 0 5
+3 0 5
+3 0 5
+5 0 5
+1 0 5
+5 0 5
+1 0 5
+4 0 5
+1 0 5
+5 0 5
+5 0 5
cfn=(88) _dl_map_object_from_fd
calls=5 0x61b0 0 
* 0 12049
+5 0 5
+4 0 5
+5 0 4
+3 0 4
cfn=(10)
calls=4 0x18ad0 0 
* 0 222
+5 0 4
+4 0 4
+7 0 4
+5 0 4
+6 0 4
+3 0 4
+6 0 4
+9 0 4
+6 0 4
+8 0 4
+83 0 4
+8 0 4
+8 0 4
+4 0 4
+73 0 4
+8 0 4
+6 0 4
+7 0 4
+3 0 4
+6 0 4
+3 0 4
cfn=(106)
calls=4 0x15c90 0 
* 0 5093
+5 0 4
+3 0 4
+3 0 4
+6 0 4
+5 0 4
+6 0 4
+9 0 4
+6 0 4
+3 0 4
+4 0 4
+3 0 4
+5 0 4
+5 0 4
+2 0 4
+5 0 4
+5 0 4
+3 0 4
cfn=(82)
calls=4 0x55c0 0 
* 0 2254
+5 0 4
+1 0 4
+2 0 4
+3 0 4
+4 0 4
+6 0 4
+3 0 4
cfn=(80)
calls=4 0x5400 0 
* 0 604
+5 0 4
+3 0 4
+5 0 4
+4 0 4
+6 0 4
+7 0 4
+6 0 4
+3 0 4
+5 0 4
+4 0 4
+3 0 4
+5 0 4
-8 0 1
+3 0 1
+5 0 1
0x88b1 0 4
+5 0 4
+7 0 4
+5 0 4
+6 0 4
+5 0 4
+5 0 4
+5 0 4
+5 0 4
+5 0 4
+3 0 4
+5 0 4
+5 0 4
+3 0 4
+3 0 4
+75 0 4
+7 0 4
+3 0 4
+6 0 4
+7 0 4
+7 0 4
+4 0 4
0x8a43 0 4
+5 0 4
+5 0 4
+5 0 4
+6 0 4
+5 0 4
+3 0 4
+6 0 4
+7 0 4
+4 0 4
+3 0 4
+2 0 4
+6 0 4
+7 0 4
+7 0 4
+4 0 4
0x8c2b 0 4
+5 0 4

fn=(86) read
0x18360 0 5
+5 0 5
+2 0 5
+6 0 5
+2 0 5

fn=(94)
0x184b0 0 10
+5 0 10
+2 0 10
+6 0 10
+2 0 10

fn=(138)
0x8f70 0 1227
+2 0 1227
+2 0 1227
+1 0 1227
+1 0 1227
+4 0 1227
+5 0 1227
+5 0 1227
+3 0 1227
+2 0 1227
+2 0 1224
+5 0 1224
+6 0 1227
+3 0 1227
+6 0 1227
+4 0 1227
+3 0 1227
+6 0 1227
+6 0 1227
+4 0 1227
+6 0 1227
+3 0 1227
+3 0 1227
+3 0 1227
+3 0 1227
+3 0 1227
+3 0 1227
+2 0 32
+3 0 32
+5 0 32
+3 0 32
cfn=(42)
calls=32 0x18aa0 0 
* 0 3200
+5 0 32
+2 0 32
+6 0 1227
+3 0 1227
+8 0 1227
+2 0 1225
+3 0 1225
+6 0 1225
+4 0 1225
+5 0 1225
+3 0 1225
+5 0 1225
+4 0 1225
+8 0 1225
+4 0 1225
+4 0 1225
+4 0 1225
+24 0 1227
+4 0 1227
+3 0 1227
+1 0 1227
+1 0 1227
+2 0 1227
+2 0 1227
+4 0 2
+3 0 2
+2 0 2
+4 0 2
+4 0 2
+4 0 2
+4 0 2
+4 0 2
+2 0 2
+6 0 2
+3 0 2
+60 0 1225
+4 0 1225
+3 0 1225
cfn=(42)
calls=1225 0x18aa0 0 
* 0 106302
+5 0 1225
+2 0 1225

fn=(200)
0x16ae0 0 2
+7 0 2
+2 0 2

fn=(8) brk
0x17000 0 1
+5 0 1
+3 0 1
+2 0 1
+2 0 1
+6 0 1
+3 0 1
+2 0 1
+7 0 1
+2 0 1
+3 0 1
+2 0 1

fn=(88)
0x61b0 0 5
+1 0 5
+3 0 5
+2 0 5
+2 0 5
+2 0 5
+2 0 5
+3 0 5
+1 0 5
+3 0 5
+3 0 5
+3 0 5
+7 0 5
+6 0 5
+4 0 5
+7 0 5
+2 0 5
+7 0 5
cfn=(54)
calls=5 0xfa60 0 
* 0 40
+5 0 5
+7 0 5
+3 0 5
+5 0 5
+7 0 5
cfn=(90)
calls=5 0x182c0 0 
* 0 50
+5 0 5
+2 0 5
+6 0 5
+4 0 5
+7 0 5
+4 0 5
+4 0 5
+4 0 5
+3 0 5
+2 0 5
+7 0 5
+7 0 5
+4 0 20
+4 0 20
+3 0 20
+2 0 20
+8 0 20
+2 0 20
+7 0 20
+53 0 5
+4 0 5
+1 0 5
+2 0 5
+2 0 5
+2 0 5
+2 0 5
+1 0 5
+3 0 5
+5 0 5
+6 0 5
+4 0 5
+6 0 5
+7 0 5
+6 0 5
+7 0 5
+3 0 5
+2 0 5
+6 0 5
+3 0 5
+6 0 5
+7 0 5
+4 0 5
+4 0 5
+3 0 5
+7 0 5
+7 0 5
+2 0 5
cfn=(20)
calls=5 0xaed0 0 
* 0 2286
+5 0 5
+3 0 5
+3 0 5
+6 0 5
+4 0 5
+4 0 5
+8 0 5
+5 0 5
+7 0 5
+5 0 5
+8 0 5
+3 0 5
+9 0 5
+4 0 5
+3 0 5
+4 0 5
+3 0 5
+6 0 5
+5 0 5
+4 0 5
+7 0 5
+3 0 5
+4 0 5
+4 0 5
+5 0 5
+3 0 5
+5 0 5
+4 0 5
+3 0 5
+7 0 5
+8 0 5
+6 0 5
+3 0 5
+7 0 5
+3 0 5
+7 0 5
+3 0 5
+11 0 5
+3 0 5
+5 0 5
+6 0 5
+3 0 16
+5 0 16
+6 0 11
+5 0 11
+6 0 7
+3 0 7
+6 0 5
+1 0 5
+9 0 5
+4 0 5
+8 0 5
+4 0 5
+3 0 5
+3 0 5
+3 0 5
-34 0 35
+9 0 35
+4 0 35
+8 0 35
+4 0 35
+3 0 35
+3 0 35
+3 0 35
+6 0 40
+2 0 40
+3 0 40
+6 0 38
+2 0 22
+3 0 22
+2 0 12
+3 0 12
+2 0 5
+4 0 5
+5 0 5
+4 0 5
+4 0 5
+9 0 5
+71 0 10
+7 0 10
+4 0 10
+4 0 10
+3 0 10
+6 0 10
+4 0 10
+4 0 10
+4 0 10
+3 0 10
+3 0 10
+3 0 10
+6 0 10
+4 0 10
+3 0 10
+3 0 10
+3 0 10
+4 0 10
+4 0 10
+4 0 10
+3 0 10
+3 0 10
+4 0 10
+4 0 10
+3 0 10
+4 0 10
+3 0 10
+3 0 10
+4 0 10
+4 0 10
+4 0 10
+4 0 10
+2 0 5
+3 0 5
+5 0 5
+5 0 5
+7 0 5
+3 0 5
+7 0 5
+3 0 5
+4 0 5
+5 0 5
+3 0 5
+4 0 5
+3 0 5
+3 0 5
+2 0 5
+3 0 5
+5 0 5
-35 0 5
+3 0 5
+4 0 5
+5 0 5
+3 0 5
+4 0 5
+3 0 5
+3 0 5
+2 0 5
+3 0 5
+5 0 5
+6 0 2
+4 0 2
+8 0 2
+12 0 2
+4 0 2
+3 0 2
+6 0 2
+8 0 2
+4 0 2
+3 0 2
+8 0 2
+18 0 2
+4 0 2
+8 0 2
+4 0 2
+8 0 2
+9 0 2
+3 0 2
+2 0 2
+6 0 2
cfn=(112)
calls=2 0x119a0 0 
* 0 16
+5 0 2
+8 0 2
+9 0 4
+4 0 4
+8 0 4
+4 0 4
+8 0 4
+8 0 5
+3 0 5
+7 0 5
+6 0 2
+4 0 2
+4 0 2
+8 0 2
+8 0 5
+3 0 5
+3 0 5
+7 0 5
+6 0 5
+7 0 5
+3 0 5
+6 0 5
+6 0 5
+7 0 5
+5 0 5
+7 0 5
+5 0 5
+7 0 5
+4 0 5
+8 0 5
+5 0 5
+7 0 5
+3 0 5
+7 0 5
+3 0 5
+7 0 5
+3 0 5
+3 0 5
+7 0 5
+8 0 5
+2 0 5
cfn=(92)
calls=5 0x18460 0 
* 0 30
+5 0 5
+4 0 5
+8 0 5
+7 0 5
+7 0 5
+6 0 5
+7 0 5
+4 0 5
+3 0 5
+7 0 5
+4 0 5
+8 0 5
+6 0 5
+9 0 5
+3 0 5
+7 0 5
+3 0 5
+4 0 5
-4 0 5
+4 0 5
+2 0 5
+4 0 5
+4 0 5
+8 0 5
+9 0 5
-9 0 5
+9 0 5
+6 0 10
+4 0 10
+4 0 10
+3 0 10
+2 0 10
+4 0 10
+4 0 10
+4 0 10
+3 0 10
+3 0 10
+6 0 5
+4 0 5
+3 0 5
+3 0 5
+12 0 5
+4 0 5
+7 0 5
+3 0 5
+3 0 5
+3 0 5
+5 0 5
+3 0 5
+3 0 5
+3 0 5
+4 0 5
+3 0 5
+7 0 5
+2 0 5
+4 0 5
+6 0 5
+7 0 5
+2 0 5
+3 0 5
+7 0 5
+7 0 5
+7 0 5
+3 0 5
cfn=(96)
calls=5 0x197b0 0 
* 0 4730
+5 0 5
+7 0 5
+7 0 5
+7 0 5
+7 0 5
+6 0 2
+7 0 2
+3 0 2
+3 0 2
+6 0 2
+5 0 2
+3 0 2
+7 0 2
+3 0 2
+3 0 2
cfn=(92)
calls=2 0x18460 0 
* 0 12
+5 0 2
+4 0 2
+7 0 2
+20 0 5
+7 0 5
+4 0 5
+7 0 5
+4 0 5
+8 0 5
+5 0 5
+4 0 5
+3 0 5
+2 0 5
cfn=(94)
calls=5 0x184b0 0 
* 0 25
+5 0 5
+7 0 5
0x693e 0 5
+5 0 5
+7 0 5
+3 0 5
+6 0 5
+4 0 5
+3 0 5
+3 0 5
+5 0 5
+6 0 5
+3 0 5
+5 0 5
+3 0 5
+6 0 5
+5 0 5
+6 0 5
+6 0 5
+10 0 5
+6 0 5
+6 0 5
+8 0 27
+3 0 27
+3 0 27
+3 0 27
+4 0 27
+4 0 27
+3 0 27
+3 0 27
-14 0 97
+4 0 97
+4 0 97
+3 0 97
+3 0 97
-10 0 5
+4 0 5
+3 0 5
+3 0 5
+2 0 129
+4 0 129
+2 0 32
+3 0 32
+3 0 32
+4 0 32
+2 0 5
+3 0 5
+2 0 5
+3 0 5
+13 0 5
+3 0 5
+3 0 5
+4 0 5
+19 0 5
+3 0 5
+2 0 5
+5 0 5
+3 0 5
+2 0 2
+4 0 2
+5 0 2
+3 0 2
-8 0 3
+5 0 3
+3 0 3
+2 0 5
+4 0 5
+5 0 5
+3 0 5
+2 0 5
+4 0 5
+5 0 5
+3 0 5
+2 0 5
+4 0 5
+5 0 5
+3 0 5
+2 0 5
+4 0 5
+8 0 5
+3 0 5
+2 0 5
+4 0 5
+8 0 5
+3 0 5
+2 0 4
+4 0 4
+8 0 4
+3 0 4
-11 0 1
+8 0 1
+3 0 1
+2 0 5
+4 0 5
+8 0 5
+3 0 5
+2 0 5
+5 0 5
+6 0 5
+6 0 5
+2 0 5
+8 0 5
+5 0 5
+6 0 5
+8 0 5
+3 0 5
+2 0 2
+4 0 2
+2 0 2
+8 0 2
+10 0 2
+2 0 2
+10 0 2
+2 0 2
+2 0 1
+8 0 1
+8 0 1
+3 0 1
-11 0 4
+8 0 4
+3 0 4
+2 0 2
+7 0 2
+4 0 2
+2 0 2
+8 0 2
+6 0 2
+3 0 2
+2 0 1
+8 0 1
+8 0 1
+9 0 1
-9 0 4
+9 0 4
+14 0 5
+3 0 5
+3 0 5
+2 0 5
+17 0 5
+8 0 5
+3 0 5
+6 0 5
+4 0 5
+8 0 5
+6 0 5
+2 0 5
+7 0 5
+2 0 5
+6 0 5
+8 0 5
+3 0 5
+2 0 2
+4 0 2
+8 0 2
+6 0 2
cfn=(98)
calls=2 0x18440 0 
* 0 10
-6 0 3
+6 0 3
cfn=(98)
calls=3 0x18440 0 
* 0 15
+5 0 5
+2 0 5
+6 0 5
+7 0 5
+6 0 5
+4 0 5
+3 0 5
+8 0 5
+7 0 5
+8 0 5
+6 0 5
+3 0 5
cfn=(4)
calls=5 0xad80 0 
* 0 115
+5 0 5
+4 0 5
+2 0 5
+9 0 5
+6 0 5
+9 0 5
+2 0 1
+7 0 1
+7 0 1
+8 0 1
+8 0 1
+7 0 1
+8 0 1
-38 0 4
+7 0 4
+8 0 4
+8 0 4
+7 0 4
+8 0 4
+6 0 5
+4 0 5
+3 0 5
cfn=(36)
calls=5 0xae30 0 
* 0 240
+5 0 5
+6 0 5
+3 0 5
+2 0 5
0x6e16 0 5
+3 0 5
+3 0 5
+4 0 5
+6 0 5
+3 0 5
+10 0 5
+4 0 5
+4 0 5
0x6ea7 0 3
+4 0 3
+4 0 3
+3 0 3
+6 0 3
+5 0 3
+3 0 3
+4 0 3
+3 0 3
+8 0 3
+4 0 3
+3 0 3
+3 0 3
+3 0 3
+3 0 3
+6 0 3
+3 0 3
+3 0 3
+8 0 3
0x7048 0 5
+3 0 5
+4 0 5
+4 0 5
+3 0 5
+4 0 5
+7 0 5
+5 0 5
+7 0 5
+3 0 5
+7 0 5
+3 0 5
cfn=(92)
calls=5 0x18460 0 
* 0 30
+5 0 5
+4 0 5
+2 0 5
+7 0 5
+7 0 5

fn=(102)
0xcbc0 0 1
+3 0 1
+1 0 1
+4 0 1
+3 0 1
+2 0 1
+2 0 1
+2 0 1
+3 0 1
+8 0 1
+2 0 1
+1 0 1
+4 0 1
+7 0 1
+7 0 1
+4 0 1
+6 0 1
+3 0 1
+5 0 1
+4 0 1
+4 0 1
+3 0 1
+7 0 1
+4 0 1
+4 0 1
+7 0 1
+3 0 1
+3 0 1
+2 0 1
+6 0 1
+6 0 1
+3 0 1
+3 0 1
+5 0 1
+5 0 1
+6 0 1
+3 0 1
+4 0 1
+3 0 1
+3 0 1
+4 0 1
+4 0 1
+4 0 1
+3 0 1
+4 0 1
+6 0 1
+4 0 1
+4 0 1
+7 0 1
+3 0 1
+3 0 1
+3 0 1
+6 0 1
+2 0 1
+2 0 1
+4 0 1
+4 0 1
+4 0 1
+3 0 1
+8 0 1
+7 0 1
+4 0 1
+8 0 1
+6 0 1
+11 0 1
+10 0 1
+11 0 1
+7 0 1
+7 0 1
+6 0 1
+4 0 1
+7 0 1
+4 0 1
+7 0 1
+4 0 1
+7 0 1
+4 0 1
+7 0 1
+3 0 1
+9 0 1
+7 0 1
+6 0 1
-25 0 6
+3 0 6
+9 0 6
+7 0 6
+6 0 6
+6 0 7
+6 0 7
+6 0 5
+5 0 5
+5 0 5
+4 0 5
+4 0 5
+4 0 5
+4 0 5
+6 0 5
+3 0 5
+6 0 5
+3 0 5
+3 0 5
+3 0 5
+6 0 5
+7 0 5
+3 0 5
+7 0 5
+2 0 11
+3 0 11
+2 0 7
+3 0 7
+4 0 7
+4 0 7
+4 0 7
+3 0 7
+3 0 7
-10 0 128
+4 0 128
+3 0 128
+3 0 128
+6 0 135
+4 0 135
+6 0 11
+4 0 11
+4 0 11
+5 0 11
+3 0 11
cfn=(76)
calls=11 0x18880 0 
* 0 301
+5 0 11
+3 0 11
+6 0 11
+7 0 11
+7 0 11
+7 0 11
+7 0 11
+7 0 11
+4 0 11
cfn=(64)
calls=11 0xf080 0 
* 0 25864
+5 0 11
+4 0 11
+3 0 11
+6 0 11
+4 0 11
+7 0 11
+6 0 5
+7 0 5
+4 0 5
+4 0 5
+5 0 5
+7 0 5
+4 0 5
+3 0 5
+4 0 5
+3 0 5
+6 0 5
+8 0 5
+4 0 5
+4 0 5
+6 0 5
+5 0 124
+4 0 124
+6 0 124
0xcfcf 0 7
+3 0 7
+2 0 5
+4 0 5
+3 0 5
+8 0 5
+4 0 5
+4 0 5
cfn=(28)
calls=5 0x16a90 0 
* 0 145
* 0 5
+5 0 5
+3 0 5
+3 0 5
+6 0 5
+4 0 5
+4 0 5
+3 0 5
+3 0 5
+3 0 5
cfn=(34)
calls=5 0x199f0 0 
* 0 129
+5 0 5
+4 0 5
+3 0 5
+3 0 5
+4 0 5
cfn=(34)
calls=5 0x199f0 0 
* 0 129
+5 0 5
+9 0 5
+8 0 5
+7 0 5
+2 0 5
+2 0 5
-11 0 2
+7 0 2
+2 0 2
+2 0 2
+6 0 7
+7 0 7
+2 0 6
+3 0 6
+3 0 6
+6 0 7
+4 0 7
+3 0 7
+2 0 1
+6 0 1
+7 0 1
+7 0 1
+10 0 1
+2 0 1
+6 0 1
+7 0 1
+3 0 1
+7 0 1
+32 0 1
+6 0 1
+4 0 1
+4 0 1
cfn=(28)
calls=1 0x16a90 0 
* 0 29
* 0 1
+5 0 1
+3 0 1
+3 0 1
+6 0 1
+6 0 1
+2 0 1
+6 0 1
+2 0 1
+7 0 1
+3 0 1
+4 0 1
+7 0 1
+2 0 7
+7 0 7
+2 0 7
+3 0 7
+4 0 7
+4 0 7
+4 0 7
+7 0 7
+3 0 7
+2 0 7
+2 0 7
+4 0 7
+35 0 1
+7 0 1
+6 0 1
+6 0 1
+7 0 1
+4 0 1
+3 0 1
+7 0 1
+6 0 1
+7 0 1
+3 0 1
0xd2fd 0 1
+4 0 1
+7 0 1
+2 0 1
+6 0 1
+4 0 1
+4 0 1
+4 0 1
+3 0 1
+3 0 1
cfn=(96)
calls=1 0x197b0 0 
* 0 20
+5 0 1
+6 0 1
+6 0 1
+3 0 1
+5 0 1
+3 0 1
+3 0 1
+3 0 1
+6 0 1
+6 0 1
+4 0 1
+4 0 1
+3 0 1
+3 0 1
+3 0 1
+3 0 1
+6 0 1
+7 0 1
+3 0 1
-36 0 5
+4 0 5
+4 0 5
+3 0 5
+3 0 5
+3 0 5
+3 0 5
+6 0 5
+7 0 5
+3 0 5
+6 0 5
+3 0 5
+3 0 5
+4 0 5
+3 0 5
+7 0 5
+3 0 5
-20 0 10
+3 0 10
+4 0 10
+3 0 10
+7 0 10
+3 0 10
+6 0 10
+9 0 10
+3 0 10
+3 0 10
-6 0 23
+3 0 23
+3 0 23
+6 0 23
+4 0 23
+3 0 23
0xd41f 0 5
+6 0 5
+4 0 5
+2 0 5
+4 0 5
+4 0 5
+3 0 5
+3 0 5
+3 0 5
cfn=(96)
calls=5 0x197b0 0 
* 0 60
+5 0 5
+3 0 5
+4 0 5
+4 0 5
+4 0 5
0xd759 0 1
+6 0 1
+2 0 1
+6 0 1
+6 0 1
+11 0 15
+4 0 15
+3 0 15
+6 0 6
+7 0 6
+2 0 5
+3 0 5
+93 0 1
+7 0 1
+3 0 1
+7 0 1
+8 0 1
+7 0 1
+7 0 1
+7 0 1
+7 0 1
+3 0 1
+21 0 1
+7 0 1
+3 0 1
+10 0 1
+6 0 1
+2 0 1
+6 0 1
+4 0 1
+1 0 1
+2 0 1
+2 0 1
+2 0 1
+2 0 1
+1 0 1
+69 0 6
+7 0 6
+7 0 6
+4 0 6
+5 0 2
+9 0 2
+6 0 2
+9 0 2
+6 0 2
+3 0 2
+8 0 7
+7 0 7
+6 0 6
+9 0 6
+6 0 6
+9 0 6
+3 0 6
+6 0 5
+4 0 5
+7 0 5
+7 0 5
+6 0 2
+4 0 2
+4 0 2
+4 0 2
+6 0 2
+3 0 2
+5 0 2
+4 0 2
+3 0 2
+4 0 2
+7 0 2
+6 0 2
+7 0 2
+7 0 2
+71 0 1
+7 0 1
+3 0 1
+3 0 1
+11 0 1
+3 0 1
+8 0 1
+3 0 1
+7 0 1
cfn=(34)
calls=1 0x199f0 0 
* 0 51
+5 0 1
+4 0 1
0xdd7d 0 1
+3 0 1

fn=(156)
0x125b0 0 2
+2 0 2
+3 0 2
+1 0 2
+7 0 2
+1 0 2
+7 0 2
+26 0 2
+4 0 2
+3 0 2
+2 0 2
+4 0 2
+3 0 2
+4 0 2
+7 0 2
+4 0 2
+4 0 2
+1 0 2
+1 0 2
+2 0 2

fn=(214) call_init.part.0
0xf1b0 0 7
+2 0 7
+2 0 7
+2 0 7
+1 0 7
+1 0 7
+7 0 7
+4 0 7
+3 0 7
+6 0 7
+4 0 7
+3 0 7
+6 0 6
+7 0 6
+3 0 6
+3 0 6
+2 0 6
+3 0 6
+3 0 6
+2 0 5
+7 0 5
+2 0 5
+3 0 5
+4 0 5
+3 0 5
+2 0 5
+3 0 5
+3 0 5
cob=(2)
cfi=(2)
cfn=(272)
calls=1 0x4c7f018 0 
* 0 6
cob=(2)
cfi=(2)
cfn=(260)
calls=1 0x4f3a390 0 
* 0 6
cob=(2)
cfi=(2)
cfn=(242)
calls=1 0x523c7c0 0 
* 0 6
cob=(3)
cfi=(3)
cfn=(228) _init
calls=1 0x1fda0 0 
* 0 209
cob=(2)
cfi=(2)
cfn=(216)
calls=1 0x4a24570 0 
* 0 6
+2 0 5
+7 0 5
+3 0 5
+2 0 5
+7 0 5
+4 0 5
+3 0 5
+4 0 5
+4 0 5
+2 0 5
+2 0 5
+3 0 5
+5 0 5
+5 0 5
+3 0 5
+3 0 5
+2 0 5
cob=(7)
cfi=(9)
cfn=(276)
calls=1 0x5c080 0 
* 0 17
cob=(4)
cfi=(4)
cfn=(264) 0x0000000000005650
calls=1 0x5650 0 
* 0 17
cob=(6)
cfi=(6)
cfn=(246)
calls=1 0x2c00 325 
* 0 204
cob=(3)
cfi=(3)
cfn=(236) init_cacheinfo
calls=1 0x1fb30 0 
* 0 1367
cob=(5)
cfi=(5)
cfn=(220)
calls=1 0x6a0 0 
* 0 17
-8 0 8
+3 0 8
+3 0 8
+2 0 8
cob=(7)
cfi=(9)
cfn=(324)
calls=1 0x5bf70 0 
* 0 146
cob=(7)
cfi=(9)
cfn=(322)
calls=1 0x5bd40 0 
* 0 54
cob=(7)
cfi=(9)
cfn=(320)
calls=1 0x5bc80 0 
* 0 49
cob=(7)
cfi=(9)
cfn=(318)
calls=1 0x5bbc0 0 
* 0 49
cob=(7)
cfi=(9)
cfn=(316)
calls=1 0x5bab0 0 
* 0 73
cob=(7)
cfi=(9)
cfn=(314)
calls=1 0x5ba70 0 
* 0 6
cob=(7)
cfi=(9)
cfn=(284)
calls=1 0x5ba50 0 
* 0 3694
cob=(6)
cfi=(8)
cfn=(252)
calls=1 0x2fe0 0 
* 0 17
+2 0 13
+4 0 13
+3 0 13
+2 0 7
+1 0 7
+1 0 7
+2 0 7
+2 0 7
+2 0 7
+5 0 1
+7 0 1
+3 0 1
+62 0 1
+2 0 1
+6 0 1

fn=(4)
0xad80 0 7
+7 0 7
+3 0 7
+2 0 7
+4 0 7
+2 0 7
+6 0 7
+3 0 7
+3 0 7
+4 0 7
+3 0 7
+2 0 7
+7 0 7
+4 0 7
+2 0 7
+3 0 7
+3 0 7
+4 0 7
+7 0 7
+7 0 7
+4 0 7
+6 0 7
+7 0 7

fn=(10)
0x18ad0 0 22
+3 0 22
+3 0 22
+3 0 22
+2 0 13
+2 0 13
+3 0 13
+3 0 13
-3 0 42
+3 0 42
+6 0 54
+3 0 54
+2 0 54
+2 0 21
+10 0 21
+6 0 21
+3 0 21
+4 0 21
+3 0 21
+3 0 21
-13 0 4
+3 0 4
+4 0 4
+3 0 4
+3 0 4
+2 0 20
+3 0 20
+3 0 20
+3 0 20
+2 0 18
+3 0 18
+4 0 18
+3 0 18
+3 0 18
+2 0 15
+3 0 15
+3 0 15
+3 0 15
+2 0 10
+3 0 10
+4 0 10
+3 0 10
+3 0 10
+2 0 6
+3 0 6
+3 0 6
+3 0 6
+2 0 4
+3 0 4
+4 0 4
+3 0 4
+3 0 4
+2 0 4
+3 0 4
+3 0 4
+3 0 4
+10 0 21
+4 0 21
+2 0 21
+2 0 20
+3 0 20
+2 0 20
+2 0 19
+3 0 19
+6 0 19
+2 0 16
+3 0 16
+6 0 16
+2 0 16
+3 0 16
+4 0 16
+2 0 16
+2 0 14
+3 0 14
+2 0 14
+2 0 11
+3 0 11
+6 0 11
+2 0 8
+3 0 8
+3 0 8
-3 0 14
+3 0 14

fn=(12) sbrk
0x17060 0 1
+1 0 1
+1 0 1
+3 0 1
+4 0 1
+7 0 1
+3 0 1
+2 0 1
+6 0 1
+2 0 1
+2 0 1
+4 0 1
+21 0 1
+4 0 1
+3 0 1
+1 0 1
+1 0 1

fn=(50)
0xddf0 0 1
+1 0 1
+3 0 1
+2 0 1
+2 0 1
+2 0 1
+2 0 1
+1 0 1
+4 0 1
+7 0 1
+3 0 1
+4 0 1
+4 0 1
+4 0 1
+4 0 1
+3 0 1
+4 0 1
+7 0 1
+4 0 1
+5 0 1
+3 0 1
+7 0 1
+3 0 1
+58 0 1
+7 0 1
+3 0 1
+4 0 1
0xdf70 0 1
+4 0 1
+5 0 1
+3 0 1
+3 0 1
+4 0 1
+4 0 1
+3 0 1
+4 0 1
+3 0 1
+77 0 1
+4 0 1
+6 0 1
+4 0 1
+4 0 1
+3 0 1
+4 0 1
+3 0 1
+3 0 1
+4 0 1
+4 0 1
+4 0 1
+4 0 1
+3 0 1
+7 0 1
+4 0 1
+3 0 1
+3 0 1
+3 0 1
+8 0 1
+6 0 1
+4 0 1
+4 0 1
+6 0 1
+4 0 1
+4 0 1
+4 0 1
+4 0 1
+6 0 1
+6 0 1
+4 0 1
+2 0 1
+3 0 1
+4 0 1
+4 0 1
+2 0 1
+3 0 1
+3 0 1
+3 0 1
+4 0 1
+3 0 1
+4 0 1
+4 0 1
+4 0 1
+3 0 1
cfn=(28)
calls=1 0x16a90 0 
* 0 29
* 0 1
+5 0 1
+3 0 1
+3 0 1
+4 0 1
+4 0 1
+4 0 1
+6 0 1
+5 0 1
+4 0 1
+4 0 1
+4 0 1
0xe195 0 1
+4 0 1
+5 0 1
+3 0 1
+3 0 1
+3 0 1
+2 0 1
+4 0 1
+3 0 1
+2 0 1
+6 0 1
+9 0 1
+4 0 1
+3 0 1
-16 0 3
+9 0 3
+4 0 3
+3 0 3
+2 0 1
+4 0 1
+3 0 1
+4 0 1
+4 0 1
+6 0 1
+5 0 1
+3 0 1
+9 0 1
+4 0 1
+3 0 1
+3 0 1
+3 0 1
+3 0 1
+3 0 1
+3 0 1
-22 0 1
+4 0 1
+3 0 1
+3 0 1
+3 0 1
+3 0 1
+3 0 1
+3 0 1
+2 0 2
+8 0 2
+4 0 2
+3 0 2
-7 0 2
+4 0 2
+3 0 2
+2 0 4
+3 0 4
+4 0 4
+4 0 4
+4 0 4
+4 0 4
+3 0 4
+2 0 4
+4 0 4
+3 0 4
+2 0 2
+4 0 2
+3 0 2
+2 0 1
+4 0 1
+4 0 1
+5 0 1
+4 0 1
+4 0 1
+3 0 1
+3 0 1
+3 0 1
+73 0 1
+3 0 1
+2 0 1
+3 0 1
+4 0 1
+10 0 1
+4 0 1
+4 0 1
+4 0 1
+4 0 1
+4 0 1
-20 0 1
+4 0 1
+4 0 1
+4 0 1
+4 0 1
+4 0 1
+2 0 1
+4 0 1
+4 0 1
+3 0 1
+4 0 1
+3 0 1
+1 0 1
+2 0 1
+2 0 1
+2 0 1
+2 0 1
+1 0 1
0xe4c7 0 1
+4 0 1
+4 0 1
+4 0 1
cfn=(52)
calls=1 0x197c0 0 
* 0 22
+5 0 1
+4 0 1
+3 0 1
+4 0 1
+3 0 1
cfn=(52)
calls=1 0x197c0 0 
* 0 22
+5 0 1
+7 0 1
+3 0 1
+7 0 1

fn=(52)
0x197c0 0 9
+4 0 9
+2 0 9
+3 0 9
+2 0 4
+3 0 4
+2 0 4
+3 0 4
+3 0 4
+3 0 4
-3 0 5
+3 0 5
+2 0 5
+3 0 5
+3 0 5
+4 0 5
+4 0 5
+3 0 5
-3 0 4
+3 0 4
+2 0 2
+2 0 2
+2 0 2
+4 0 2
+4 0 2
+3 0 2
-3 0 7
+3 0 7
+2 0 1
+3 0 1
+3 0 1
+4 0 1
+4 0 1
+3 0 1
+6 0 1
-6 0 8
+6 0 8
+2 0 6
+8 0 6
+3 0 6
+4 0 6
+3 0 6
+4 0 6
+3 0 6
+4 0 6
+4 0 6
+2 0 9
+3 0 9
+2 0 1
+2 0 1
+3 0 1
+43 0 1
+7 0 1
+2 0 1
+2 0 1
+3 0 1
+2 0 1
+2 0 1
+3 0 1
+4 0 1
+4 0 1
+4 0 1
+3 0 1
+4 0 1
+4 0 1
+4 0 1
+4 0 1
+4 0 1
+56 0 1
+3 0 1

fn=(84) open
0x18340 0 6
+5 0 6
+2 0 6
+6 0 6
+2 0 6

fn=(118)
0x10c00 0 1
+2 0 1
+2 0 1
+1 0 1
+1 0 1
+3 0 1
+4 0 1
+3 0 1
+2 0 1
+3 0 1
+3 0 1
+2 0 1
+17 0 7
+2 0 7
+7 0 7
+2 0 7
+3 0 7
+3 0 7
+3 0 7
cfn=(120) _dl_check_map_versions
calls=7 0x10750 0 
* 0 11949
+5 0 7
+4 0 7
+2 0 7
+2 0 7
+3 0 7
+2 0 7
+3 0 7
+2 0 1
+4 0 1
+2 0 1
+1 0 1
+1 0 1
+2 0 1
+2 0 1

fn=(134)
0x9bc0 0 1247
+1 0 1247
+3 0 1247
+2 0 1247
+2 0 1247
+2 0 1247
+2 0 1247
+3 0 1247
+1 0 1247
+3 0 1247
+3 0 1247
+7 0 1247
+3 0 1247
+7 0 1247
+7 0 1247
+7 0 1247
+4 0 1247
+2 0 1247
+6 0 1247
+3 0 1247
+5 0 1247
+7 0 1247
+3 0 1247
+4 0 1247
+4 0 1247
+3 0 1247
+3 0 1247
+3 0 1247
+2 0 1247
-22 0 46335
+3 0 46335
+4 0 46335
+4 0 46335
+3 0 46335
+3 0 46335
+3 0 46335
+2 0 46335
+2 0 1247
+2 0 1247
+7 0 1247
+5 0 1247
+8 0 1247
+3 0 1247
+7 0 1247
+11 0 1247
+11 0 1247
+2 0 1225
+7 0 1225
+6 0 1247
+7 0 1247
+3 0 1247
+3 0 1247
+6 0 1247
+3 0 1247
+2 0 1247
+3 0 1247
+11 0 1247
+6 0 1247
+7 0 1247
+7 0 1247
+7 0 1247
+7 0 1247
+11 0 20
+11 0 20
+4 0 20
+3 0 20
+2 0 20
+3 0 20
+2 0 1247
+6 0 1247
+3 0 1247
+2 0 1247
+7 0 1247
+3 0 1247
+7 0 1247
+1 0 1247
+7 0 1247
+2 0 1247
+1 0 1247
+7 0 1247
+2 0 1247
+1 0 1247
cfn=(136)
calls=1247 0x9110 0 
* 0 528589
+5 0 1247
+4 0 1247
+3 0 1247
+2 0 1247
+8 0 1247
+6 0 1227
+3 0 1227
+3 0 1227
+2 0 1227
+4 0 1227
+3 0 1227
+2 0 1227
+2 0 1227
+7 0 1227
+3 0 1227
+7 0 1227
+3 0 1227
+3 0 1227
+3 0 1227
+6 0 1227
+6 0 1227
+2 0 1227
+6 0 1227
+6 0 1227
+7 0 1227
+6 0 1227
+6 0 1227
+3 0 1227
+4 0 1227
+1 0 1227
+2 0 1227
+2 0 1227
+2 0 1227
+2 0 1227
+1 0 1227
-14 0 20
+4 0 20
+1 0 20
+2 0 20
+2 0 20
+2 0 20
+2 0 20
+1 0 20
0x9ea4 0 20
+3 0 20
+3 0 20
+2 0 20
+4 0 20
+3 0 20
+2 0 20
+11 0 20
+7 0 20
+2 0 20
0xa091 0 1
+10 0 1

fn=(202)
0x11e40 0 1
+3 0 1
+6 0 1
+2 0 1
+2 0 1
+3 0 1
+2 0 1
+2 0 1
+1 0 1
+1 0 1
+4 0 1
+4 0 1
+7 0 1
+5 0 1
+9 0 1
+5 0 1
+7 0 1
+1 0 1
+5 0 1
+2 0 1
+3 0 1
+3 0 1
+4 0 1
+6 0 1
+4 0 1
+3 0 1
+6 0 1
+3 0 1
+4 0 1
+5 0 1
+8 0 2
+7 0 2
+6 0 2
+7 0 2
+7 0 2
+3 0 2
+6 0 2
+3 0 2
+6 0 2
+3 0 2
+5 0 2
+4 0 2
+5 0 2
+3 0 2
+3 0 2
+3 0 2
+4 0 2
+7 0 2
cfn=(52)
calls=2 0x197c0 0 
* 0 37
+5 0 2
+3 0 2
+2 0 2
+3 0 2
+3 0 2
cfn=(96)
calls=2 0x197b0 0 
* 0 156
+5 0 2
+4 0 2
+4 0 2
+2 0 2
+5 0 2
+4 0 2
+3 0 2
+7 0 2
+6 0 2
+3 0 2
+3 0 2
+2 0 2
+4 0 2
+7 0 2
+6 0 2
+3 0 2
+4 0 2
+7 0 2
+4 0 2
+4 0 2
0x11fe0 0 1
+5 0 1
+3 0 1
+5 0 1
+4 0 1
+1 0 1
+1 0 1
+2 0 1
+2 0 1
+2 0 1
+2 0 1

fn=(206)
0x16250 0 1
+7 0 1
+4 0 1
+4 0 1
+9 0 1
+4 0 1
+7 0 1
cfn=(208)
calls=1 0x18490 0 
* 0 5
+5 0 1
+11 0 1
+4 0 1

fn=(212) _dl_init
0xf2d0 0 1
+2 0 1
+2 0 1
+3 0 1
+2 0 1
+2 0 1
+3 0 1
+1 0 1
+1 0 1
+2 0 1
+3 0 1
+4 0 1
+7 0 1
+7 0 1
+7 0 1
+3 0 1
+2 0 1
+3 0 1
+26 0 1
+7 0 1
+3 0 1
+6 0 7
+3 0 7
+3 0 7
-3 0 1
+3 0 1
+2 0 7
+7 0 7
+2 0 7
+4 0 7
+7 0 7
+2 0 6
+3 0 6
+3 0 6
+2 0 6
cfn=(214)
calls=6 0xf1b0 0 
* 0 6241
+5 0 6
+5 0 1
+4 0 1
+1 0 1
+1 0 1
+2 0 1
+2 0 1
+2 0 1
+2 0 1
+1 0 1
+7 0 1
+2 0 1
+11 0 1
+61 0 1
cfn=(214)
calls=1 0xf1b0 0 
* 0 77
+5 0 1

fn=(0) 0x0000000000000dc0
0xdc0 0 1
+3 0 1
cfn=(2) _dl_start
calls=1 0x4ba0 0 
* 0 1279279
+5 0 1
+3 0 1
+6 0 1
+1 0 1
+4 0 1
+2 0 1
+1 0 1
+3 0 1
+3 0 1
+4 0 1
+7 0 1
+5 0 1
+4 0 1
+2 0 1
cfn=(212)
calls=1 0xf2d0 0 
* 0 6441
+5 0 1
+7 0 1
+3 0 1
cob=(8)
cfi=(10)
cfn=(328)
calls=1 0x400cb0 0 
* 0 63797823

fn=(24)
0x16aa0 0 17
+3 0 17
+5 0 17
+3 0 17
+3 0 17
+4 0 17
+3 0 17
+27 0 17
cfn=(28)
calls=17 -64 0 
* 0 571
* 0 17

fn=(28)
0x16a90 0 36
+3 0 36
+5 0 36
cfn=(32)
calls=36 0x16990 0 
* 0 978
* 0 36

fn=(82)
0x55c0 0 5
+1 0 5
+3 0 5
+2 0 5
+2 0 5
+2 0 5
+2 0 5
+3 0 5
+1 0 5
+3 0 5
+4 0 5
+3 0 5
+2 0 5
+4 0 5
+4 0 5
+3 0 5
+2 0 4
+6 0 4
+2 0 4
+23 0 5
+4 0 5
+2 0 5
+5 0 5
cfn=(84)
calls=5 0x18340 0 
* 0 25
+5 0 5
+3 0 5
+3 0 5
+6 0 5
+10 0 5
+2 0 5
+7 0 5
+6 0 5
+3 0 5
+5 0 5
+3 0 5
+3 0 5
cfn=(86)
calls=5 0x18360 0 
* 0 25
+5 0 5
+3 0 5
+6 0 5
+3 0 5
+4 0 5
+3 0 5
+3 0 5
+2 0 5
+4 0 5
+6 0 5
+4 0 5
+7 0 5
+5 0 5
+4 0 5
+3 0 5
cfn=(18)
calls=5 0x19130 0 
* 0 476
+5 0 5
+2 0 5
+4 0 5
+6 0 5
+4 0 5
+2 0 5
+6 0 5
+4 0 5
+7 0 5
+5 0 5
+4 0 5
cfn=(18)
calls=5 0x19130 0 
* 0 435
+5 0 5
+2 0 5
+4 0 5
+6 0 5
+4 0 5
+6 0 5
+5 0 5
+6 0 5
+4 0 5
+3 0 5
+4 0 5
+6 0 5
+4 0 5
+6 0 5
+5 0 5
+6 0 5
+4 0 5
+4 0 5
+8 0 5
+3 0 5
+4 0 5
+3 0 5
+4 0 5
+3 0 5
+6 0 5
+5 0 5
+4 0 5
+4 0 5
+3 0 5
+3 0 5
+6 0 5
+3 0 5
+7 0 31
+8 0 31
+3 0 31
+4 0 31
+4 0 31
+3 0 31
+4 0 31
+3 0 31
+6 0 33
+4 0 33
+2 0 5
+4 0 5
+4 0 5
+2 0 5
+5 0 5
+2 0 5
+4 0 5
+4 0 5
+3 0 5
+6 0 5
+5 0 5
+8 0 5
+4 0 5
+4 0 5
+4 0 5
+4 0 5
+4 0 5
+4 0 5
+5 0 5
+4 0 5
+3 0 5
+6 0 2
+3 0 2
+3 0 2
+7 0 2
+5 0 2
+3 0 2
cfn=(18)
calls=2 0x19130 0 
* 0 144
-15 0 5
+7 0 5
+5 0 5
+3 0 5
cfn=(18)
calls=5 0x19130 0 
* 0 400
+5 0 7
+2 0 7
+2 0 2
+3 0 2
+6 0 2
+4 0 2
+4 0 2
+4 0 2
+4 0 2
+2 0 2
+2 0 2
+4 0 2
+3 0 2
+6 0 2
+3 0 2
+3 0 2
+2 0 2
+3 0 2
+2 0 2
+2 0 2
+7 0 5
+4 0 5
+3 0 5
+1 0 5
+2 0 5
+2 0 5
+2 0 5
+2 0 5
+1 0 5
0x58a8 0 3
+4 0 3
+76 0 2
+7 0 2
+5 0 2
+3 0 2
cfn=(18)
calls=2 0x19130 0 
* 0 192
+5 0 2
+2 0 2
+4 0 2

fn=(120)
0x10750 0 7
+4 0 7
+3 0 7
+6 0 7
+1 0 7
+3 0 7
+2 0 7
+2 0 7
+2 0 7
+2 0 7
+3 0 7
+1 0 7
+4 0 7
+4 0 7
+7 0 7
+3 0 7
+3 0 7
+4 0 7
+7 0 7
+7 0 7
+3 0 7
+7 0 7
+3 0 7
+6 0 5
+3 0 5
+4 0 5
+4 0 5
+4 0 5
+6 0 5
+2 0 5
+3 0 5
+7 0 5
+4 0 5
+7 0 5
+4 0 5
+5 0 5
+4 0 5
+4 0 5
+4 0 5
+4 0 5
+3 0 5
-39 0 5
+4 0 5
+7 0 5
+4 0 5
+5 0 5
+4 0 5
+4 0 5
+4 0 5
+4 0 5
+3 0 5
+17 0 45
+4 0 45
+3 0 45
+6 0 55
+3 0 55
+3 0 55
cfn=(74)
calls=55 0x10280 0 
* 0 3563
+5 0 55
+2 0 55
+2 0 10
+3 0 10
+3 0 10
+2 0 10
+6 0 10
+4 0 10
+4 0 10
+3 0 10
+3 0 10
+3 0 10
+3 0 10
+3 0 10
+7 0 12
+3 0 12
+5 0 12
+4 0 12
+4 0 12
+4 0 12
+4 0 12
+3 0 12
+4 0 12
+3 0 12
+3 0 12
+3 0 12
-37 0 10
+5 0 10
+4 0 10
+4 0 10
+4 0 10
+4 0 10
+3 0 10
+4 0 10
+3 0 10
+3 0 10
+3 0 10
+2 0 4
+7 0 4
+7 0 4
+3 0 4
+3 0 4
+4 0 4
+4 0 4
+4 0 4
+1 0 4
cfn=(122) match_symbol
calls=4 0x10360 0 
* 0 681
-9 0 18
+4 0 18
+4 0 18
+1 0 18
cfn=(122)
calls=18 0x10360 0 
* 0 3268
+5 0 22
+3 0 22
+5 0 22
+1 0 22
+1 0 22
+5 0 22
+3 0 22
+4 0 22
+4 0 22
+2 0 22
+2 0 10
+4 0 10
+3 0 10
+3 0 10
+3 0 10
+2 0 10
+6 0 5
+3 0 5
+4 0 5
0x10984 0 5
+8 0 5
+2 0 5
+7 0 5
+4 0 5
+4 0 5
+3 0 72
+3 0 72
+4 0 72
+5 0 72
+2 0 72
+3 0 72
+3 0 72
+2 0 72
-19 0 5
+4 0 5
+5 0 5
+2 0 5
+3 0 5
+3 0 5
+2 0 5
+2 0 6
+2 0 6
+3 0 6
+2 0 1
+4 0 1
+1 0 1
+2 0 1
+2 0 1
+2 0 1
+2 0 1
+1 0 1
+1 0 6
+3 0 6
+5 0 6
+3 0 6
cfn=(24)
calls=6 0x16aa0 0 
* 0 228
* 0 6
+5 0 6
+3 0 6
+8 0 6
+6 0 6
+8 0 6
+7 0 6
+8 0 6
+4 0 6
+3 0 6
+8 0 6
+2 0 5
+4 0 5
+4 0 5
+4 0 5
+5 0 5
+3 0 5
+3 0 5
-6 0 5
+3 0 5
+3 0 5
+2 0 12
+3 0 12
+4 0 12
+2 0 12
+5 0 12
+4 0 12
+3 0 12
-18 0 10
+4 0 10
+2 0 10
+5 0 10
+4 0 10
+3 0 10
+2 0 22
+3 0 22
+5 0 22
+3 0 22
+4 0 22
+3 0 22
+4 0 22
+3 0 22
+3 0 22
+4 0 22
+3 0 22
+3 0 22
+3 0 22
+3 0 22
+4 0 22
+3 0 22
+2 0 22
+2 0 10
+3 0 10
+2 0 10
+2 0 5
+3 0 5
+2 0 6
+7 0 6
+3 0 6
+2 0 5
+4 0 5
+4 0 5
+4 0 5
+6 0 72
+3 0 72
+4 0 72
+3 0 72
-7 0 5
+4 0 5
+3 0 5
+2 0 72
+4 0 72
+3 0 72
+3 0 72
+6 0 72
+3 0 72
+4 0 72
+4 0 72
+3 0 72
+3 0 72
+8 0 72
+3 0 72
+2 0 72
-5 0 5
+3 0 5
+2 0 5
+2 0 6
+4 0 6
+3 0 6
+1 0 6
+2 0 6
+2 0 6
+2 0 6
+2 0 6
+1 0 6
+1 0 2
+2 0 2
+3 0 2
+8 0 2
+6 0 1
+2 0 1

fn=(2)
0x4ba0 0 1
+1 0 1
+3 0 1
+2 0 1
+2 0 1
+2 0 1
+2 0 1
+3 0 1
+1 0 1
+4 0 1
+2 0 1
+4 0 1
+2 0 1
+3 0 1
+7 0 1
+7 0 1
+7 0 1
+3 0 1
+7 0 1
+7 0 1
+3 0 1
+7 0 1
+6 0 1
+7 0 1
+10 0 1
+10 0 1
+5 0 1
+6 0 1
+5 0 1
+3 0 1
+3 0 1
+6 0 1
+5 0 1
+7 0 14
+7 0 14
+4 0 14
+4 0 14
+3 0 14
+3 0 14
-10 0 1
+4 0 1
+3 0 1
+3 0 1
+2 0 20
+4 0 20
+2 0 6
+3 0 6
+3 0 6
+4 0 6
+6 0 5
+3 0 5
+3 0 5
+7 0 5
+4 0 5
+4 0 5
+3 0 5
+3 0 5
+2 0 1
+3 0 1
+6 0 1
+7 0 1
+3 0 1
+2 0 1
+4 0 1
+7 0 1
+3 0 1
+2 0 1
+4 0 1
+7 0 1
+3 0 1
+2 0 1
+4 0 1
+7 0 1
+3 0 1
+2 0 1
+4 0 1
+7 0 1
+3 0 1
+2 0 1
+4 0 1
+7 0 1
+3 0 1
+2 0 1
+4 0 1
+7 0 1
+3 0 1
+2 0 1
+4 0 1
+7 0 1
+3 0 1
+2 0 1
+4 0 1
+7 0 1
+3 0 1
+2 0 1
+5 0 1
+6 0 1
+7 0 1
+3 0 1
+2 0 1
+7 0 1
+5 0 1
+6 0 1
+7 0 1
+3 0 1
+2 0 1
+8 0 1
+6 0 1
+7 0 1
+3 0 1
+16 0 1
+8 0 1
+6 0 1
+8 0 1
+6 0 1
+3 0 1
+20 0 1
+7 0 1
+7 0 1
cfn=(4)
calls=1 0xad80 0 
* 0 23
+5 0 1
+7 0 1
+7 0 1
+7 0 1
+7 0 1
+7 0 1
+7 0 1
+7 0 1
+7 0 1
+2 0 1
+7 0 1
+4 0 1
+2 0 1
+3 0 1
+3 0 1
+7 0 1
+7 0 1
cfn=(6) _dl_sysdep_start
calls=1 0x16290 0 
* 0 1278511
+5 0 1
+3 0 1
+2 0 1
+4 0 1
+2 0 1
+3 0 1
+3 0 1
+7 0 1
+7 0 1
+4 0 1
+6 0 1
+4 0 1
+3 0 1
+1 0 1
+2 0 1
+2 0 1
+2 0 1
+2 0 1
+1 0 1
+4 0 1
+3 0 1
+2 0 1
+3 0 1
+32 0 1
+3 0 1
+3 0 1
+4 0 1
+22 0 1
+3 0 1
+6 0 1
+4 0 1
+7 0 1
+7 0 1
+4 0 1
+3 0 1
+3 0 1
+3 0 1
+4 0 1
+2 0 1
+3 0 1
+10 0 1
+3 0 1
+4 0 1
+4 0 1
+3 0 1
+4 0 1
+4 0 1
+3 0 1
+4 0 1
+3 0 1
+2 0 1
+7 0 1
+7 0 1
+4 0 1
+3 0 1
+4 0 1
+3 0 1
+3 0 1
+3 0 1
+4 0 1
+4 0 1
+3 0 1
+7 0 1
+3 0 1
+4 0 1
+2 0 1
+6 0 1
+3 0 1
+3 0 1
+4 0 1
-10 0 9
+3 0 9
+3 0 9
+4 0 9
+6 0 10
+3 0 10
+4 0 10
+4 0 10
+3 0 10
+3 0 10
+2 0 1
+8 0 1
+6 0 1
+3 0 1
+7 0 1
+6 0 1
+7 0 1
+4 0 1
+3 0 1
+4 0 1
+3 0 1
+2 0 1
+4 0 1
+3 0 1
+4 0 1
+4 0 1
-31 0 8
+4 0 8
+3 0 8
+4 0 8
+3 0 8
+2 0 8
+4 0 8
+3 0 8
+4 0 8
+4 0 8
+2 0 9
+3 0 9
+6 0 9
+5 0 9
+7 0 9
+4 0 9
+3 0 9
+3 0 9
+6 0 9
+4 0 9
+4 0 9
+2 0 9
+4 0 9
+3 0 9
+9 0 1
+3 0 1
+3 0 1
+4 0 1
+6 0 1
+3 0 1
+4 0 1
+20 0 9
+4 0 9
+3 0 9
+4 0 9
+3 0 9
+6 0 1

fn=(38)
0xe20 0 57
+4 0 57

fn=(42)
0x18aa0 0 1758
+2 0 1758
+2 0 1758
+2 0 1443
+3 0 1443
+3 0 1443
+2 0 1443
cfn=(43) strcmp'2
calls=1443 -14 0 
* 0 106171
+5 0 315
+5 0 315
+5 0 315
+3 0 315

fn=(43)
0x18aa0 0 14797
+2 0 14797
+2 0 14797
+2 0 14650
+3 0 14650
+3 0 14650
+2 0 14650
cfn=(43)
calls=13354 -14 0 
* 0 552105
+2 0 1296
+2 0 1296
+1 0 147
+5 0 147
+5 0 147
+3 0 147

fn=(44)
0x16700 0 1
+2 0 1
+2 0 1
+2 0 1
+2 0 1
+1 0 1
+1 0 1
+7 0 1
+7 0 1
+3 0 1
0x167c7 0 1
+7 0 1
+1 0 1
+1 0 1
+2 0 1
+2 0 1
+2 0 1
+2 0 1
+8 0 1
+5 0 1
+3 0 1
cfn=(46)
calls=1 0x184f0 0 
* 0 5
+5 0 1
+2 0 1
+7 0 1
+2 0 1
+3 0 1
+2 0 1
+3 0 1
+3 0 1
+3 0 1
-9 0 2
+3 0 2
+3 0 2
+3 0 2
+2 0 3
+4 0 3
+4 0 3
+3 0 3
+3 0 3
+4 0 3
+2 0 1
+4 0 1
+3 0 1
+4 0 1
+4 0 1
+3 0 1
+3 0 1
+4 0 1
+2 0 3
+3 0 3
+4 0 3
+4 0 3
+2 0 3
+3 0 3
+2 0 2
+4 0 2
+7 0 1
+4 0 1

fn=(70)
0xf80 0 1
+1 0 1
+4 0 1
+3 0 1
+3 0 1
+4 0 1
+2 0 1
+7 0 1
+3 0 1
+3 0 1
+2 0 1
cfn=(72)
calls=1 0x8400 0 
* 0 2482
+5 0 1
+4 0 1
+1 0 1

fn=(100)
0x183a0 0 1
+5 0 1
+2 0 1
+6 0 1
+3 0 1
+7 0 1
+2 0 1
+2 0 1
+4 0 1

fn=(108)
0x100e0 0 1
+2 0 1
+2 0 1
+2 0 1
+1 0 1
+1 0 1
+3 0 1
+5 0 1
+3 0 1
+7 0 1
+7 0 1
cfn=(84)
calls=1 0x18340 0 
* 0 5
+5 0 1
+2 0 1
+2 0 1
+2 0 1
+3 0 1
+2 0 1
+5 0 1
cfn=(90)
calls=1 0x182c0 0 
* 0 10
+5 0 1
+2 0 1
+2 0 1
+5 0 1
+3 0 1
+4 0 1
+9 0 1
+2 0 1
cfn=(98)
calls=1 0x18440 0 
* 0 5
+5 0 1
+7 0 1
+3 0 1
+1 0 1
+1 0 1
+2 0 1
+2 0 1
+5 0 1
+3 0 1
+3 0 1
+5 0 1
+3 0 1
+2 0 1
cfn=(92)
calls=1 0x18460 0 
* 0 6
+5 0 1
+3 0 1

fn=(122)
0x10360 0 22
+1 0 22
+3 0 22
+2 0 22
+2 0 22
+2 0 22
+2 0 22
+3 0 22
+1 0 22
+3 0 22
+3 0 22
+4 0 22
+7 0 22
+4 0 22
+4 0 22
+4 0 22
+4 0 22
+6 0 22
+8 0 22
+3 0 22
+6 0 22
+4 0 22
+3 0 22
+6 0 22
+4 0 22
+4 0 22
+2 0 181
+4 0 181
+6 0 159
+3 0 159
+2 0 159
+6 0 159
+3 0 159
+4 0 159
0x10488 0 22
+3 0 22
+3 0 22
+3 0 22
+3 0 22
cfn=(42)
calls=22 0x18aa0 0 
* 0 1731
+5 0 22
+2 0 22
+6 0 22
+4 0 22
+1 0 22
+2 0 22
+2 0 22
+2 0 22
+2 0 22
+1 0 22

fn=(124)
0xc4a 0 1
+2 0 1
+8 0 1
+1 0 1
+7 0 1
+7 0 1
+6 0 1
+4 0 1
+5 0 1
+4 0 1
cfn=(24)
calls=1 0x16aa0 0 
* 0 62
* 0 1
+5 0 1
+8 0 1
+4 0 1
+7 0 1
+4 0 1
+8 0 1
+3 0 1
+33 0 1
+7 0 1
+2 0 1
+3 0 1
-3 0 7
+3 0 7
+2 0 7
+8 0 7
+2 0 2
+3 0 2
+2 0 2
+4 0 2
+5 0 2
+4 0 2
-4 0 5
+4 0 5
+2 0 1
+3 0 1
+3 0 1
+33 0 1
cfn=(126)
calls=1 0x11b00 0 
* 0 102
+5 0 1
cfn=(128)
calls=1 0x11da0 0 
* 0 424
+5 0 1
+3 0 1
+3 0 1
+33 0 1
+4 0 1
+5 0 1
+7 0 1
+3 0 1
+5 0 1
+4 0 1
+2 0 1
+2 0 1
+40 0 1
+7 0 1
+3 0 1
+1 0 1

fn=(6)
0x16290 0 1
+2 0 1
+2 0 1
+2 0 1
+2 0 1
+1 0 1
+1 0 1
+4 0 1
+3 0 1
+7 0 1
+4 0 1
+5 0 1
+7 0 1
+6 0 1
+2 0 1
+5 0 1
+7 0 1
+4 0 1
+2 0 1
+6 0 1
+4 0 1
+4 0 1
-8 0 54
+4 0 54
+4 0 54
+2 0 1
+4 0 1
+4 0 1
+7 0 1
+11 0 1
+7 0 1
+5 0 1
+3 0 1
+6 0 1
+8 0 1
+7 0 1
+7 0 1
+7 0 1
+7 0 1
+3 0 1
+7 0 1
+7 0 1
+3 0 1
+7 0 1
+7 0 1
+2 0 1
+2 0 1
+5 0 1
+4 0 1
+4 0 1
-8 0 17
+4 0 17
+4 0 17
+2 0 17
+4 0 17
+3 0 17
+15 0 18
+4 0 18
+3 0 18
+3 0 18
+2 0 1
+7 0 1
+5 0 1
+7 0 1
+7 0 1
+7 0 1
+7 0 1
+7 0 1
+8 0 1
+7 0 1
+7 0 1
+2 0 1
cfn=(8)
calls=1 0x17000 0 
* 0 12
+5 0 1
+7 0 1
+3 0 1
+2 0 1
+3 0 1
+17 0 1
+2 0 1
cfn=(12)
calls=1 0x17060 0 
* 0 17
+5 0 1
+7 0 1
+3 0 1
+6 0 1
+6 0 1
+2 0 1
+6 0 1
+5 0 1
+5 0 1
+2 0 1
+3 0 1
+7 0 1
cfn=(14)
calls=1 0x1990 0 
* 0 1277997
+2 0 1
+5 0 1
+4 0 1
+1 0 1
+1 0 1
+2 0 1
+2 0 1
+2 0 1
+2 0 1
+24 0 1
+4 0 1
+28 0 1
+4 0 1
+12 0 1
+4 0 1
+12 0 1
+4 0 1
+12 0 1
+4 0 1
+12 0 1
+4 0 1
+12 0 1
+4 0 1
+12 0 1
+4 0 1
+12 0 1
+3 0 1
+13 0 1
cfn=(10)
calls=1 0x18ad0 0 
* 0 41
+5 0 1
+7 0 1

fn=(80)
0x5400 0 5
+1 0 5
+1 0 5
+3 0 5
+4 0 5
cfn=(10)
calls=5 0x18ad0 0 
* 0 370
+5 0 5
+4 0 5
+3 0 5
cfn=(28)
calls=5 0x16a90 0 
* 0 145
* 0 5
+5 0 5
+3 0 5
+2 0 5
+4 0 5
+3 0 5
+3 0 5
+1 0 5
+1 0 5
+3 0 5
cfn=(34)
calls=5 0x199f0 0 
* 0 174

fn=(110)
0x15bb0 0 42
+3 0 42
+2 0 42
+6 0 247
+3 0 247
+2 0 247
+6 0 7
+3 0 7
+3 0 7
+2 0 7
+6 0 7
+4 0 7
+4 0 7
+3 0 7
+3 0 7
+4 0 7
+3 0 7
+4 0 7
+3 0 7
+32 0 7
+4 0 7
+3 0 7
+4 0 7
+3 0 7
+26 0 7
+2 0 7
cfn=(111) _dl_cache_libcmp'2
calls=7 0x15bb0 0 
* 0 42
+14 0 240
+3 0 240
+3 0 240
+3 0 240
+2 0 240
+2 0 240
+2 0 205
+4 0 205
+3 0 205
+4 0 205
+2 0 205
+18 0 35
+2 0 35
+2 0 35

fn=(111)
0x15bb0 0 7
+3 0 7
+2 0 7
0x15c6a 0 7
+3 0 7
+2 0 7

fn=(130)
0x117e0 0 1
+1 0 1
+1 0 1
+3 0 1
+5 0 1
+4 0 1
+7 0 1
+4 0 1
+4 0 1
cfn=(24)
calls=1 0x16aa0 0 
* 0 38
* 0 1
+5 0 1
+3 0 1
+2 0 1
+4 0 1
+3 0 1
+4 0 1
+4 0 1
+3 0 1
+1 0 1
+1 0 1

fn=(198)
0x102f0 0 2
+7 0 2
+7 0 2
+2 0 1
+4 0 1
+3 0 1
+2 0 4
+3 0 4
+3 0 4
+4 0 4
+3 0 4
+4 0 4
+3 0 4
+3 0 4
+4 0 4
+2 0 4
+3 0 4
+2 0 7
+3 0 7
+3 0 7
+2 0 6
+3 0 6
+4 0 6
+3 0 6
+4 0 6
+3 0 6
+3 0 6
+4 0 6
+2 0 6
+3 0 6
+2 0 2
+4 0 2
+3 0 2
+2 0 2
+2 0 2

fn=(376)
0xf400 0 1
+1 0 1
+3 0 1
+2 0 1
+2 0 1
+2 0 1
+2 0 1
+3 0 1
+1 0 1
+4 0 1
+4 0 1
+4 0 1
+4 0 1
+4 0 1
+6 0 1
+4 0 1
+2 0 1
+3 0 1
+3 0 1
+2 0 1
+2 0 1
+4 0 1
+3 0 1
+2 0 1
+4 0 1
+4 0 1
+3 0 1
+3 0 1
+3 0 1
cfn=(96)
calls=1 0x197b0 0 
* 0 20
+5 0 1
+4 0 1
+3 0 1
+8 0 6
+3 0 6
+4 0 6
+3 0 6
+3 0 6
+6 0 5
+3 0 5
+4 0 5
+2 0 5
+3 0 5
+4 0 5
+3 0 5
cfn=(96)
calls=5 0x197b0 0 
* 0 60
+5 0 6
+4 0 6
+3 0 6
+4 0 6
+4 0 6
+4 0 6
+4 0 6
+3 0 6
+4 0 6
+3 0 6
+2 0 6
+7 0 6
+2 0 6
+3 0 6
+3 0 6
+2 0 6
+2 0 15
+4 0 15
+3 0 15
+4 0 15
+3 0 15
+7 0 15
+3 0 15
+6 0 10
+9 0 10
+3 0 10
+3 0 10
-6 0 23
+3 0 23
+3 0 23
+6 0 23
+4 0 23
+3 0 23
0xf5b0 0 1
+4 0 1
+4 0 1
+1 0 1
+2 0 1
+2 0 1
+2 0 1
+2 0 1
+1 0 1
+6 0 15
+7 0 15
+3 0 15
+2 0 15
+3 0 15
+3 0 15
+6 0 5

ob=(3)
fl=(3)
fn=(144)
0xa88b0 0 1
+7 0 1
+4 0 1
+7 0 1
+8 0 1
+8 0 1
+5 0 1
+4 0 1
+5 0 1
+4 0 1
+4 0 1
+3 0 1
+3 0 1
+5 0 1
+4 0 1
+3 0 1
+3 0 1
+2 0 1
-31 0 3
+4 0 3
+4 0 3
+3 0 3
+3 0 3
+5 0 3
+4 0 3
+3 0 3
+3 0 3
+2 0 3
+2 0 1
+5 0 1
+6 0 1
+2 0 1
+7 0 1
+3 0 1
+9 0 1
cfn=(146) _dl_vdso_vsym
calls=1 0x11d950 0 
* 0 6
+5 0 1
+7 0 1
+3 0 1
+4 0 1
+4 0 1

fn=(148)
0x87f90 0 1
+7 0 1
+7 0 1
+7 0 1
+10 0 1
+2 0 1
+10 0 1
+21 0 1
+7 0 1
+10 0 1
+9 0 1

fn=(236)
0x1fb30 0 1
+6 0 1
+2 0 1
+1 0 1
+1 0 1
+2 0 1
+2 0 1
+3 0 1
+29 0 1
+6 0 1
+5 0 1
cfn=(238) handle_intel
calls=1 0x9a030 0 
* 0 750
+5 0 1
+6 0 1
+5 0 1
+3 0 1
cfn=(238)
calls=1 0x9a030 0 
* 0 472
+5 0 1
+3 0 1
+3 0 1
+6 0 1
+6 0 1
+7 0 1
+6 0 1
+4 0 1
+2 0 1
+2 0 1
+6 0 1
+2 0 4
+3 0 4
+3 0 4
+3 0 4
+3 0 4
+6 0 4
+4 0 4
+3 0 4
+2 0 4
+2 0 4
+2 0 4
+9 0 1
+2 0 1
+2 0 1
+3 0 1
+2 0 1
+3 0 1
+2 0 1
+3 0 1
+3 0 1
+3 0 1
+2 0 1
+3 0 1
+7 0 1
+4 0 1
+3 0 1
+7 0 1
+7 0 1
+3 0 1
+3 0 1
+7 0 1
+3 0 1
+6 0 1
+3 0 1
+7 0 1
+4 0 1
+3 0 1
+7 0 1
+7 0 1
+3 0 1
+3 0 1
+1 0 1
+7 0 1
+1 0 1
+2 0 1
0x1fd0d 0 1
+3 0 1
+6 0 1
+2 0 1
+4 0 1
+2 0 1
+2 0 1
+6 0 1
+3 0 1
+3 0 1
+2 0 1
+2 0 1
+6 0 1
+3 0 1
-19 0 1
+3 0 1
+3 0 1
+2 0 1
+2 0 1
+6 0 1
+3 0 1
+2 0 2
+2 0 2
+2 0 2
+6 0 2
+2 0 2
+2 0 1
+3 0 1
+3 0 1
+3 0 1
+3 0 1
+2 0 1
+2 0 1
+2 0 1
+2 0 1
+3 0 1

fn=(364) exit
0x363d0 0 1
+7 0 1
+4 0 1
+5 0 1
cfn=(366) __run_exit_handlers
calls=1 0x362a0 0 
* 0 7288

fn=(402)
0x366a0 0 4
+2 0 4
+2 0 4
+2 0 4
+2 0 4
+3 0 4
+1 0 4
+1 0 4
+3 0 4
+4 0 4
+7 0 4
+3 0 4
+6 0 4
+4 0 4
+4 0 4
+4 0 4
+4 0 4
+5 0 4
+3 0 4
+4 0 12
+4 0 12
+2 0 9
+4 0 9
+3 0 9
+2 0 12
+3 0 12
+2 0 3
+4 0 3
+4 0 3
+5 0 3
+9 0 3
+3 0 3
+4 0 3
+4 0 3
+2 0 3
+7 0 3
+2 0 3
+4 0 3
+9 0 3
cob=(7)
cfi=(9)
cfn=(436)
calls=1 0xb9560 0 
* 0 5
cob=(7)
cfi=(9)
cfn=(434)
calls=1 0xba8b0 0 
* 0 5
cob=(7)
cfi=(9)
cfn=(426)
calls=1 0xba880 0 
* 0 829
+2 0 3
+7 0 3
+6 0 3
+4 0 3
+3 0 3
+2 0 1
+3 0 1
+3 0 1
+3 0 1
-6 0 3
+3 0 3
+3 0 3
+6 0 4
+7 0 4
+3 0 4
+2 0 4
+4 0 4
+4 0 4
+4 0 4
+5 0 4
+3 0 4
+2 0 4
+46 0 4
+3 0 4
+3 0 4
+2 0 4
+3 0 4
+2 0 4
+4 0 4
+3 0 4
+1 0 4
+1 0 4
+2 0 4
+2 0 4
+2 0 4
+2 0 4
cfn=(404) __unregister_atfork
calls=4 0xf4cd0 0 
* 0 28

fn=(354) __sigsetjmp
0x33850 0 1
+3 0 1
+3 0 1
+9 0 1
+4 0 1
+4 0 1
+4 0 1
+4 0 1
+4 0 1
+4 0 1
+5 0 1
+9 0 1
+4 0 1
+4 0 1
+4 0 1
+9 0 1
+4 0 1
+4 0 1
cfn=(356) __sigjmp_save
calls=1 +14 0 
* 0 9

fn=(494) _Exit
0xb79b0 0 1
+3 0 1
+7 0 1
+6 0 1
+6 0 1

fn=(310)
0x36650 0 4
+2 0 4
+1 0 4
+3 0 4
+1 0 4
+3 0 4
+7 0 4
+3 0 4
cfn=(312) __new_exitfn
calls=4 0x36440 0 
* 0 174
+5 0 4
+3 0 4
+2 0 4
+3 0 4
+4 0 4
+4 0 4
+9 0 4
+4 0 4
+4 0 4
+7 0 4
+2 0 4
+1 0 4
+1 0 4
+2 0 4

fn=(312)
0x36440 0 4
+1 0 4
+1 0 4
+5 0 4
+3 0 4
+2 0 4
+4 0 4
+7 0 4
+14 0 4
+7 0 4
+28 0 4
+3 0 4
+3 0 4
+6 0 4
+3 0 4
+3 0 4
+6 0 4
+4 0 4
+3 0 4
+2 0 3
+4 0 3
+3 0 3
+4 0 3
+6 0 3
+45 0 1
+3 0 1
+8 0 1
+3 0 1
+3 0 1
+19 0 3
+4 0 3
+2 0 3
+3 0 3
+4 0 3
+4 0 3
+4 0 3
+5 0 3
+7 0 3
+8 0 3
+7 0 3
-22 0 1
+7 0 1
+8 0 1
+7 0 1
+13 0 4
+6 0 4
+28 0 4
+4 0 4
+3 0 4
+1 0 4
+1 0 4
+29 0 3
+3 0 3
+3 0 3
+5 0 1
+3 0 1
+4 0 1
+8 0 1

fn=(404)
0xf4cd0 0 4
+7 0 4
+1 0 4
+3 0 4
+3 0 4
+35 0 4
+1 0 4

fn=(140)
0x85ca0 0 1
+7 0 1
+2 0 1
cfn=(142) __init_cpu_features
calls=1 0x20360 0 
* 0 61
+5 0 1
+7 0 1
+10 0 1
+2 0 1
+10 0 1
+21 0 1
+7 0 1
+10 0 1
+9 0 1

fn=(142)
0x20360 0 1
+2 0 1
+1 0 1
+2 0 1
+6 0 1
+6 0 1
+4 0 1
+6 0 1
+3 0 1
+3 0 1
+2 0 1
+6 0 1
+50 0 1
+7 0 1
+2 0 1
+5 0 1
+2 0 1
+2 0 1
+6 0 1
+6 0 1
+6 0 1
+6 0 1
+7 0 1
+7 0 1
+15 0 1
+6 0 1
+6 0 1
+7 0 1
+1 0 1
+90 0 1
+5 0 1
+2 0 1
+2 0 1
+6 0 1
+2 0 1
+3 0 1
+2 0 1
+3 0 1
+3 0 1
+3 0 1
+3 0 1
+6 0 1
+3 0 1
+3 0 1
+6 0 1
+6 0 1
+6 0 1
+6 0 1
+3 0 1
+6 0 1
+6 0 1
+2 0 1
+3 0 1
+3 0 1
+6 0 1
+5 0 1
+3 0 1
+5 0 1
0x205b3 0 1
+7 0 1
+6 0 1

fn=(230) __init_misc
0xe80b0 0 1
+3 0 1
+2 0 1
+1 0 1
+1 0 1
+4 0 1
+3 0 1
+3 0 1
+2 0 1
+3 0 1
+3 0 1
+5 0 1
cfn=(232) rindex
calls=1 0x83800 0 
* 0 54
+5 0 1
+3 0 1
+2 0 1
+7 0 1
+4 0 1
+3 0 1
+3 0 1
+7 0 1
+3 0 1
+4 0 1
+1 0 1
+1 0 1

fn=(356)
0x338b0 0 1
+2 0 1
+2 0 1
+1 0 1
+3 0 1
+23 0 1
+3 0 1
+2 0 1
+1 0 1

fn=(170) __get_cpu_features
0x205e0 0 14
+6 0 14
+2 0 14
+7 0 14
+7 0 14

fn=(232)
0x83800 0 1
+4 0 1
+3 0 1
+5 0 1
+4 0 1
+6 0 1
+4 0 1
+5 0 1
+6 0 1
+4 0 1
+4 0 1
+4 0 1
+4 0 1
+4 0 1
+4 0 1
+4 0 1
+3 0 1
+28 0 1
+5 0 1
+4 0 1
+5 0 1
+4 0 1
+4 0 1
+5 0 1
+4 0 1
+4 0 1
+4 0 1
+4 0 1
+4 0 1
+4 0 1
+5 0 1
+4 0 1
+4 0 1
+4 0 1
+4 0 1
+4 0 1
+3 0 1
+3 0 1
+4 0 1
+4 0 1
+4 0 1
+3 0 1
+3 0 1
+4 0 1
+4 0 1
+3 0 1
+3 0 1
+2 0 1
+4 0 1
+3 0 1
+3 0 1
+6 0 1
+4 0 1
+4 0 1

fn=(238)
0x9a030 0 2
+2 0 2
+2 0 2
+2 0 2
+2 0 2
+1 0 2
+1 0 2
+4 0 2
+3 0 2
+6 0 2
+2 0 2
+5 0 2
+5 0 2
+6 0 2
+8 0 2
+5 0 2
+5 0 2
+5 0 2
+3 0 2
+3 0 2
+2 0 2
+2 0 2
cfn=(240) intel_check_word
calls=2 0x99d60 0 
* 0 660
+5 0 2
+3 0 2
+6 0 2
+3 0 2
+3 0 2
+2 0 2
+2 0 2
cfn=(240)
calls=2 0x99d60 0 
* 0 333
+5 0 2
+3 0 2
+2 0 1
+3 0 1
+3 0 1
+3 0 1
+2 0 1
cfn=(240)
calls=1 0x99d60 0 
* 0 24
+5 0 1
+3 0 1
+2 0 1
+4 0 1
+3 0 1
+3 0 1
+2 0 1
cfn=(240)
calls=1 0x99d60 0 
* 0 93
+5 0 1
+3 0 1
+16 0 2
+5 0 2
+2 0 2
+4 0 2
+4 0 2
+3 0 2
+2 0 2
+3 0 2
+2 0 2
+4 0 2
+38 0 2
+4 0 2
+1 0 2
+1 0 2
+2 0 2
+2 0 2
+2 0 2
+2 0 2

fn=(352) _setjmp
0x338f0 0 1
+2 0 1
cfn=(354)
calls=1 0x33850 0 
* 0 27

fn=(366)
0x362a0 0 1
+2 0 1
+2 0 1
+3 0 1
+1 0 1
+1 0 1
+3 0 1
+2 0 1
+4 0 1
cfn=(368) __call_tls_dtors
calls=1 0x36930 0 
* 0 24
+5 0 1
+4 0 1
+3 0 1
+2 0 2
+4 0 2
+3 0 2
+4 0 2
+3 0 2
+5 0 2
+2 0 4
+4 0 4
+4 0 4
+3 0 4
+4 0 4
+6 0 4
+4 0 4
+6 0 3
+4 0 3
+2 0 3
+4 0 3
+3 0 3
+2 0 1
+4 0 1
+3 0 1
+4 0 1
+6 0 1
+3 0 1
+2 0 1
+7 0 1
+7 0 1
+3 0 1
+2 0 1
cfn=(490) _IO_cleanup
calls=1 0x76d10 0 
* 0 140
+3 0 1
+4 0 1
+3 0 1
+2 0 1
+2 0 1
cfn=(494)
calls=1 0xb79b0 0 
* 0 5
+54 0 1
+4 0 1
+2 0 1
+5 0 1
+4 0 1
+4 0 1
+4 0 1
+9 0 1
cob=(1)
cfi=(1)
cfn=(374)
calls=1 0xf660 0 
* 0 7027
+2 0 1

fn=(146)
0x11d950 0 4
+7 0 4
+7 0 4
+3 0 4
0x11d9e8 0 4
+2 0 4

fn=(234) __ctype_init
0x2ce40 0 1
+7 0 1
+7 0 1
+4 0 1
+3 0 1
+4 0 1
+4 0 1
+4 0 1
+7 0 1
+6 0 1
+4 0 1
+7 0 1
+7 0 1
+4 0 1
+7 0 1
+4 0 1

fn=(240)
0x99d60 0 6
+2 0 6
+6 0 6
+7 0 6
+2 0 6
+2 0 6
+1 0 6
+1 0 6
+3 0 6
+3 0 6
+5 0 6
+4 0 6
+2 0 6
+4 0 6
+3 0 6
+2 0 6
+3 0 6
+6 0 5
+7 0 5
+1 0 5
+4 0 5
+4 0 5
-8 0 8
+4 0 8
+4 0 8
+6 0 13
+7 0 13
+6 0 13
+4 0 13
+39 0 13
+3 0 13
+5 0 13
+2 0 13
+4 0 13
+3 0 13
+4 0 13
+3 0 13
-14 0 21
+4 0 21
+3 0 21
+4 0 21
+3 0 21
+2 0 84
+2 0 61
+3 0 61
+3 0 61
+2 0 53
+3 0 53
+3 0 53
+4 0 53
+3 0 53
+2 0 3
+5 0 3
+2 0 3
+2 0 3
+2 0 1
+2 0 1
+2 0 11
+3 0 11
+2 0 11
+6 0 4
+2 0 4
+4 0 4
+1 0 4
+1 0 4
+2 0 4
+2 0 4
+1 0 23
+4 0 23
+3 0 23
+2 0 2
+44 0 2
+6 0 2
+2 0 2
0x99f8d 0 2
+4 0 2
+4 0 2
+1 0 2
+1 0 2
+2 0 2
+2 0 2

fn=(490)
0x76d10 0 1
+2 0 1
+2 0 1
+2 0 1
+1 0 1
+1 0 1
+9 0 1
+4 0 1
cfn=(492) _IO_flush_all_lockp
calls=1 0x76a00 0 
* 0 89
+5 0 1
+7 0 1
+3 0 1
+3 0 1
+6 0 1
+3 0 1
+2 0 1
+3 0 1
-5 0 2
+2 0 2
+3 0 2
+6 0 2
+6 0 2
+3 0 2
+6 0 1
+6 0 1
+3 0 1
+2 0 1
0x76e28 0 3
+10 0 3
+4 0 3
+3 0 3
+6 0 1
+4 0 1
+3 0 1
+1 0 1
+1 0 1
+2 0 1
+2 0 1

fn=(336)
0x1ff50 0 1
+2 0 1
+2 0 1
+2 0 1
+1 0 1
+3 0 1
+1 0 1
+7 0 1
+7 0 1
+5 0 1
+4 0 1
+5 0 1
+3 0 1
+15 0 1
+7 0 1
+3 0 1
+2 0 1
+2 0 1
+2 0 1
+2 0 1
+3 0 1
cfn=(310)
calls=1 0x36650 0 
* 0 67
+5 0 1
+7 0 1
+2 0 1
+3 0 1
+6 0 1
+3 0 1
+2 0 1
+7 0 1
+5 0 1
+4 0 1
+3 0 1
cob=(8)
cfi=(10)
cfn=(338)
calls=1 0x4023f0 0 
* 0 56
+2 0 1
+7 0 1
+7 0 1
+3 0 1
+6 0 1
+2 0 1
+6 0 1
+5 0 1
cfn=(352)
calls=1 0x338f0 0 
* 0 29
+5 0 1
+2 0 1
+2 0 1
+9 0 1
+5 0 1
+9 0 1
+5 0 1
+5 0 1
+9 0 1
+7 0 1
+5 0 1
+4 0 1
+3 0 1
+5 0 1
cob=(8)
cfi=(11)
cfn=(358)
calls=1 0x400da6 4 
* 0 63789010
+2 0 1
+2 0 1
cfn=(364)
calls=1 0x363d0 0 
* 0 7292
+5 0 1
+2 0 1

fn=(368)
0x36930 0 1
+2 0 1
+1 0 1
+1 0 1
+7 0 1
cob=(1)
cfi=(1)
cfn=(372)
calls=1 0x124e0 0 
* 0 11
* 0 1
+5 0 1
+7 0 1
+3 0 1
0x369d8 0 1
+1 0 1
+1 0 1
+2 0 1

fn=(150)
0xa8960 0 1
+7 0 1
+4 0 1
+7 0 1
+8 0 1
+8 0 1
+5 0 1
+4 0 1
+5 0 1
+4 0 1
+4 0 1
+3 0 1
+3 0 1
+5 0 1
+4 0 1
+3 0 1
+3 0 1
+2 0 1
-31 0 3
+4 0 3
+4 0 3
+3 0 3
+3 0 3
+5 0 3
+4 0 3
+3 0 3
+3 0 3
+2 0 3
+2 0 1
+5 0 1
+6 0 1
+2 0 1
+7 0 1
+3 0 1
+9 0 1
cfn=(146)
calls=1 0x11d950 0 
* 0 6
+5 0 1
+7 0 1
+3 0 1
+4 0 1
+4 0 1

fn=(228)
0x1fda0 0 1
+2 0 1
+2 0 1
+3 0 1
+1 0 1
+1 0 1
+3 0 1
+3 0 1
+4 0 1
+7 0 1
+3 0 1
+26 0 1
+7 0 1
+7 0 1
+7 0 1
+7 0 1
+8 0 1
+5 0 1
+8 0 1
+3 0 1
+7 0 1
+4 0 1
+5 0 1
+4 0 1
+4 0 1
+3 0 1
+3 0 1
+5 0 1
+4 0 1
+3 0 1
+3 0 1
+2 0 1
-31 0 3
+4 0 3
+4 0 3
+3 0 3
+3 0 3
+5 0 3
+4 0 3
+3 0 3
+3 0 3
+2 0 3
+2 0 1
+5 0 1
+6 0 1
+6 0 1
+7 0 1
+3 0 1
+9 0 1
+3 0 1
cfn=(146)
calls=1 0x11d950 0 
* 0 6
+5 0 1
+3 0 1
+6 0 1
+7 0 1
+3 0 1
+9 0 1
+4 0 1
+7 0 1
cfn=(146)
calls=1 0x11d950 0 
* 0 6
+5 0 1
+7 0 1
+3 0 1
+3 0 1
+4 0 1
+3 0 1
+3 0 1
+9 0 1
+4 0 1
+7 0 1
cfn=(230)
calls=1 0xe80b0 0 
* 0 78
+5 0 1
cfn=(234)
calls=1 0x2ce40 0 
* 0 16
+5 0 1
+4 0 1
+1 0 1
+1 0 1
+2 0 1
+2 0 1
+5 0 1
+7 0 1
+10 0 1
+3 0 1
+7 0 1
+4 0 1
+25 0 1
+7 0 1

fn=(152)
0x85420 0 1
+4 0 1
+6 0 1
+2 0 1
+2 0 1
+6 0 1
+7 0 1
+3 0 1
+2 0 1
+7 0 1
+7 0 1
+2 0 1
+3 0 1
+7 0 1
+7 0 1
+4 0 1
+4 0 1

fn=(492)
0x76a00 0 1
+2 0 1
+2 0 1
+3 0 1
+2 0 1
+2 0 1
+1 0 1
+1 0 1
+4 0 1
+2 0 1
0x76abb 0 1
+2 0 1
+9 0 1
+29 0 3
+3 0 3
+7 0 3
0x76b52 0 3
+6 0 3
+2 0 3
+52 0 3
+3 0 3
+79 0 3
+6 0 3
+11 0 3
+3 0 3
+6 0 3
+4 0 3
+3 0 3
+6 0 1
+3 0 1
+6 0 1
+2 0 1
+3 0 1
+29 0 1
+4 0 1
+2 0 1
+1 0 1
+1 0 1
+2 0 1
+2 0 1
+2 0 1
+2 0 1
+6 0 1
+7 0 1
+3 0 1
+7 0 1
+3 0 1
+20 0 3
+4 0 3
+4 0 3
+6 0 3

ob=(4)
fl=(4)
fn=(174)
0x1b6d0 0 1
cob=(3)
cfi=(3)
cfn=(170)
calls=1 0x205e0 0 
* 0 5
* 0 1
+5 0 1
+3 0 1
+7 0 1
+7 0 1
+9 0 1

fn=(192)
0xb090 0 1
+4 0 1
cob=(3)
cfi=(3)
cfn=(170)
calls=1 0x205e0 0 
* 0 5
* 0 1
+5 0 1
+4 0 1
+2 0 1
+7 0 1
+4 0 1

fn=(186)
0xb060 0 1
+4 0 1
cob=(3)
cfi=(3)
cfn=(170)
calls=1 0x205e0 0 
* 0 5
* 0 1
+5 0 1
+4 0 1
+2 0 1
+7 0 1
+4 0 1

fn=(178)
0x19fb0 0 1
cob=(3)
cfi=(3)
cfn=(170)
calls=1 0x205e0 0 
* 0 5
* 0 1
+5 0 1
+3 0 1
+7 0 1
+7 0 1
+9 0 1

fn=(448)
0x5610 0 1
+7 0 1
+2 0 1
+8 0 1
+1 0 1
+3 0 1
+2 0 1
+7 0 1
cob=(3)
cfi=(3)
cfn=(402)
calls=1 0x366a0 0 
* 0 74
cob=(1)
cfi=(1)
cfn=(166)
calls=1 0x14e40 0 
* 0 1258
* 0 5
+5 0 1
cfn=(460) 0x0000000000005580
calls=1 0x5580 0 
* 0 9
+5 0 1
+1 0 1
+7 0 1

fn=(158)
0x102e0 0 1
+4 0 1
cob=(3)
cfi=(3)
cfn=(170)
calls=1 0x205e0 0 
* 0 5
cob=(1)
cfi=(1)
cfn=(166)
calls=1 0x14e40 0 
* 0 1348
* 0 5
+5 0 1
+3 0 1
+3 0 1
+2 0 1
+2 0 1
+2 0 1
+7 0 1
+4 0 1

fn=(182)
0x14950 0 1
+4 0 1
cob=(3)
cfi=(3)
cfn=(170)
calls=1 0x205e0 0 
* 0 5
* 0 1
+5 0 1
+3 0 1
+3 0 1
+2 0 1
+2 0 1
+2 0 1
+7 0 1
+4 0 1

fn=(190)
0x1b000 0 1
cob=(3)
cfi=(3)
cfn=(170)
calls=1 0x205e0 0 
* 0 5
* 0 1
+5 0 1
+3 0 1
+7 0 1
+7 0 1
+9 0 1

fn=(264)
0x55c0 0 1
+7 0 1
+7 0 1
+1 0 1
+3 0 1
+3 0 1
+4 0 1
+3 0 1
+4 0 1
+3 0 1
+3 0 1
+26 0 1
+1 0 1
+79 0 1
+7 0 1
+4 0 1
+2 0 1

fn=(184)
0x330b0 0 1
cob=(3)
cfi=(3)
cfn=(170)
calls=1 0x205e0 0 
* 0 5
* 0 1
+5 0 1
+3 0 1
+7 0 1
+7 0 1
+9 0 1

fn=(194)
0xfa90 0 1
+4 0 1
cob=(3)
cfi=(3)
cfn=(170)
calls=1 0x205e0 0 
* 0 5
* 0 1
+5 0 1
+3 0 1
+3 0 1
+2 0 1
+2 0 1
+2 0 1
+7 0 1
+4 0 1

fn=(196)
0x1f360 0 1
+4 0 1
cob=(3)
cfi=(3)
cfn=(170)
calls=1 0x205e0 0 
* 0 5
* 0 1
+5 0 1
+3 0 1
+3 0 1
+2 0 1
+2 0 1
+2 0 1
+7 0 1
+4 0 1

fn=(176)
0x31a80 0 1
cob=(3)
cfi=(3)
cfn=(170)
calls=1 0x205e0 0 
* 0 5
* 0 1
+5 0 1
+3 0 1
+7 0 1
+7 0 1
+9 0 1

fn=(188)
0x32b60 0 1
cob=(3)
cfi=(3)
cfn=(170)
calls=1 0x205e0 0 
* 0 5
* 0 1
+5 0 1
+3 0 1
+7 0 1
+7 0 1
+9 0 1

fn=(460)
0x5580 0 1
+7 0 1
+7 0 1
+1 0 1
+3 0 1
+3 0 1
+4 0 1
+23 0 1
+1 0 1

fn=(172)
0x1f310 0 1
+4 0 1
cob=(3)
cfi=(3)
cfn=(170)
calls=1 0x205e0 0 
* 0 5
* 0 1
+5 0 1
+3 0 1
+3 0 1
+2 0 1
+2 0 1
+2 0 1
+7 0 1
+4 0 1

fn=(180)
0x15e40 0 1
+4 0 1
cob=(3)
cfi=(3)
cfn=(170)
calls=1 0x205e0 0 
* 0 5
* 0 1
+5 0 1
+4 0 1
+2 0 1
+7 0 1
+4 0 1

totals: 65083562
